{
  "145": [
    [
      1.06106698513031,
      0.0,
      -1.0602532625198364,
      0.0
    ],
    [
      0.0,
      1.5,
      0.0,
      0.0
    ],
    [
      1.0602532625198364,
      0.0,
      1.06106698513031,
      0.0
    ],
    [
      -21.912134170532227,
      1.1909103393554688,
      70.18826293945312,
      1.0
    ]
  ],
  "30": [
    [
      -0.00038367905654013157,
      0.0,
      0.9999999403953552,
      0.0
    ],
    [
      0.0,
      1.0,
      0.0,
      0.0
    ],
    [
      -0.9999999403953552,
      0.0,
      -0.00038367905654013157,
      0.0
    ],
    [
      19.1299991607666,
      -0.0008544921875,
      -23.661418914794922,
      1.0
    ]
  ],
  "163": [
    [
      -0.33110660314559937,
      0.0,
      0.9435935020446777,
      0.0
    ],
    [
      -0.04919113591313362,
      0.998640239238739,
      -0.01726115122437477,
      0.0
    ],
    [
      -0.9423103928565979,
      -0.05213170498609543,
      -0.33065634965896606,
      0.0
    ],
    [
      -28.394193649291992,
      -0.8177052140235901,
      -3.3910140991210938,
      1.0
    ]
  ],
  "11": [
    [
      -0.9999999403953552,
      0.0,
      -0.00038352806586772203,
      0.0
    ],
    [
      0.0,
      1.0,
      0.0,
      0.0
    ],
    [
      0.00038352806586772203,
      0.0,
      -0.9999999403953552,
      0.0
    ],
    [
      -3.0799999237060547,
      -0.0008544921875,
      -1.730739951133728,
      1.0
    ]
  ],
  "85": [
    [
      -0.9999999403953552,
      0.0,
      -0.00038352806586772203,
      0.0
    ],
    [
      1.9993971363874152e-05,
      0.998640239238739,
      -0.05213170126080513,
      0.0
    ],
    [
      0.0003830065543297678,
      -0.05213170498609543,
      -0.9986401796340942,
      0.0
    ],
    [
      -28.871370315551758,
      -0.8808712959289551,
      51.0815315246582,
      1.0
    ]
  ],
  "8": [
    [
      1.5,
      0.0,
      0.0,
      0.0
    ],
    [
      0.0,
      1.099853515625,
      0.0,
      0.0
    ],
    [
      0.0,
      0.0,
      1.2998046875,
      0.0
    ],
    [
      -21.913179397583008,
      0.0142974853515625,
      70.19708251953125,
      1.0
    ]
  ],
  "94": [
    [
      -0.00882026832550764,
      0.0,
      -0.9999611377716064,
      0.0
    ],
    [
      0.052129678428173065,
      0.998640239238739,
      -0.00045981560833752155,
      0.0
    ],
    [
      0.9986013770103455,
      -0.05213170498609543,
      -0.008808274753391743,
      0.0
    ],
    [
      -28.149032592773438,
      -0.7147194743156433,
      91.89816284179688,
      1.0
    ]
  ],
  "84": [
    [
      -0.9999999403953552,
      0.0,
      -0.00038352806586772203,
      0.0
    ],
    [
      1.9993971363874152e-05,
      0.998640239238739,
      -0.05213170126080513,
      0.0
    ],
    [
      0.0003830065543297678,
      -0.05213170498609543,
      -0.9986401796340942,
      0.0
    ],
    [
      -28.829999923706055,
      -0.8799362182617188,
      76.12054443359375,
      1.0
    ]
  ],
  "123": [
    [
      1.0,
      0.0,
      0.0,
      0.0
    ],
    [
      0.0,
      1.0,
      0.0,
      0.0
    ],
    [
      0.0,
      0.0,
      1.0,
      0.0
    ],
    [
      -11.08765697479248,
      0.0003662109375,
      23.781381607055664,
      1.0
    ]
  ],
  "159": [
    [
      0.06017233803868294,
      0.0,
      -0.9981880187988281,
      0.0
    ],
    [
      0.05203724279999733,
      0.998640239238739,
      0.003136886516585946,
      0.0
    ],
    [
      0.9968307018280029,
      -0.05213170498609543,
      0.06009051576256752,
      0.0
    ],
    [
      -30.302526473999023,
      -0.5177180171012878,
      -17.695396423339844,
      1.0
    ]
  ],
  "83": [
    [
      -0.9999999403953552,
      0.0,
      -0.00038352806586772203,
      0.0
    ],
    [
      1.9993971363874152e-05,
      0.998640239238739,
      -0.05213170126080513,
      0.0
    ],
    [
      0.0003830065543297678,
      -0.05213170498609543,
      -0.9986401796340942,
      0.0
    ],
    [
      -29.709999084472656,
      -0.8568177819252014,
      99.40243530273438,
      1.0
    ]
  ],
  "138": [
    [
      0.004985462874174118,
      0.0,
      -0.9999876022338867,
      0.0
    ],
    [
      0.0,
      1.0,
      0.0,
      0.0
    ],
    [
      0.9999876022338867,
      0.0,
      0.004985462874174118,
      0.0
    ],
    [
      38.884368896484375,
      -0.001953125,
      -19.64560317993164,
      1.0
    ]
  ],
  "7": [
    [
      1.5,
      0.0,
      0.0,
      0.0
    ],
    [
      0.0,
      1.099853515625,
      0.0,
      0.0
    ],
    [
      0.0,
      0.0,
      1.2998046875,
      0.0
    ],
    [
      -26.854928970336914,
      -0.6932494044303894,
      70.23382568359375,
      1.0
    ]
  ],
  "112": [
    [
      0.00038352806586772203,
      0.0,
      -0.9999999403953552,
      0.0
    ],
    [
      0.0,
      1.0,
      0.0,
      0.0
    ],
    [
      0.9999999403953552,
      0.0,
      0.00038352806586772203,
      0.0
    ],
    [
      -9.655550956726074,
      0.0076904296875,
      24.005456924438477,
      1.0
    ]
  ],
  "23": [
    [
      1.0,
      0.0,
      0.0,
      0.0
    ],
    [
      0.0,
      1.0,
      0.0,
      0.0
    ],
    [
      0.0,
      0.0,
      1.0,
      0.0
    ],
    [
      -8.540218353271484,
      0.011203417554497719,
      107.43714141845703,
      1.0
    ]
  ],
  "162": [
    [
      -0.5012173056602478,
      0.0,
      -0.8653215765953064,
      0.0
    ],
    [
      0.045110687613487244,
      0.998640239238739,
      -0.026129310950636864,
      0.0
    ],
    [
      0.8641449213027954,
      -0.05213170498609543,
      -0.5005357265472412,
      0.0
    ],
    [
      -28.784177780151367,
      -0.8075311779975891,
      -26.790210723876953,
      1.0
    ]
  ],
  "24": [
    [
      0.9082074165344238,
      0.0,
      0.4185203015804291,
      0.0
    ],
    [
      -0.02181817591190338,
      0.998640239238739,
      0.04734639823436737,
      0.0
    ],
    [
      -0.41795119643211365,
      -0.05213170498609543,
      0.9069724678993225,
      0.0
    ],
    [
      -30.310853958129883,
      -0.7332292795181274,
      -8.609281539916992,
      1.0
    ]
  ],
  "15": [
    [
      0.00038352806586772203,
      0.0,
      -0.9999999403953552,
      0.0
    ],
    [
      0.0,
      1.0,
      0.0,
      0.0
    ],
    [
      0.9999999403953552,
      0.0,
      0.00038352806586772203,
      0.0
    ],
    [
      -8.800000190734863,
      0.001719691208563745,
      4.51411771774292,
      1.0
    ]
  ],
  "101": [
    [
      0.3805566728115082,
      0.0,
      -0.9247575998306274,
      0.0
    ],
    [
      0.048209190368652344,
      0.998640239238739,
      0.01983906701207161,
      0.0
    ],
    [
      0.923500120639801,
      -0.05213170498609543,
      0.38003918528556824,
      0.0
    ],
    [
      -29.864974975585938,
      -0.85610431432724,
      106.48365783691406,
      1.0
    ]
  ],
  "106": [
    [
      -0.5450034141540527,
      0.0,
      -0.8384338021278381,
      0.0
    ],
    [
      0.0,
      1.0,
      0.0,
      0.0
    ],
    [
      0.8384338021278381,
      0.0,
      -0.5450034141540527,
      0.0
    ],
    [
      -22.59000015258789,
      -0.6911346316337585,
      40.31895446777344,
      1.0
    ]
  ],
  "25": [
    [
      -0.9999999403953552,
      0.0,
      -0.00038352806586772203,
      0.0
    ],
    [
      0.0,
      1.0,
      0.0,
      0.0
    ],
    [
      0.00038352806586772203,
      0.0,
      -0.9999999403953552,
      0.0
    ],
    [
      19.06999969482422,
      -0.0008544921875,
      -18.249324798583984,
      1.0
    ]
  ],
  "13": [
    [
      1.0,
      0.0,
      0.0,
      0.0
    ],
    [
      0.0,
      1.0,
      0.0,
      0.0
    ],
    [
      0.0,
      0.0,
      1.0,
      0.0
    ],
    [
      -8.16008472442627,
      -0.0008544921875,
      27.885236740112305,
      1.0
    ]
  ],
  "164": [
    [
      -0.6200572848320007,
      0.0,
      -0.7845566868782043,
      0.0
    ],
    [
      0.040900275111198425,
      0.998640239238739,
      -0.032324641942977905,
      0.0
    ],
    [
      0.7834898233413696,
      -0.05213170498609543,
      -0.6192141175270081,
      0.0
    ],
    [
      -28.940176010131836,
      -0.6143256425857544,
      -24.138309478759766,
      1.0
    ]
  ],
  "127": [
    [
      1.0,
      0.0,
      0.0,
      0.0
    ],
    [
      0.0,
      1.0,
      0.0,
      0.0
    ],
    [
      0.0,
      0.0,
      1.0,
      0.0
    ],
    [
      -9.633713722229004,
      -0.000244140625,
      20.128854751586914,
      1.0
    ]
  ],
  "150": [
    [
      1.0,
      0.0,
      0.0,
      0.0
    ],
    [
      0.0,
      1.0,
      0.0,
      0.0
    ],
    [
      0.0,
      0.0,
      1.0,
      0.0
    ],
    [
      19.96220588684082,
      -0.001953125,
      19.616159439086914,
      1.0
    ]
  ],
  "31": [
    [
      -0.9999999403953552,
      0.0,
      -0.00038352806586772203,
      0.0
    ],
    [
      0.0,
      1.0,
      0.0,
      0.0
    ],
    [
      0.00038352806586772203,
      0.0,
      -0.9999999403953552,
      0.0
    ],
    [
      -3.094513177871704,
      -0.000732421875,
      2.0706217288970947,
      1.0
    ]
  ],
  "111": [
    [
      1.0,
      0.0,
      0.0,
      0.0
    ],
    [
      0.0,
      1.0,
      0.0,
      0.0
    ],
    [
      0.0,
      0.0,
      1.0,
      0.0
    ],
    [
      -8.577949523925781,
      2.6650726795196533e-05,
      21.002765655517578,
      1.0
    ]
  ],
  "108": [
    [
      1.0,
      0.0,
      0.0,
      0.0
    ],
    [
      0.0,
      1.0,
      0.0,
      0.0
    ],
    [
      0.0,
      0.0,
      1.0,
      0.0
    ],
    [
      -16.829572677612305,
      -2.4249267578125,
      0.8383464813232422,
      1.0
    ]
  ],
  "96": [
    [
      -0.3318300247192383,
      0.0,
      -0.9433391690254211,
      0.0
    ],
    [
      0.049177877604961395,
      0.998640239238739,
      -0.01729886420071125,
      0.0
    ],
    [
      0.94205641746521,
      -0.05213170498609543,
      -0.3313787877559662,
      0.0
    ],
    [
      -29.007003784179688,
      -0.8559145331382751,
      110.92950439453125,
      1.0
    ]
  ],
  "39": [
    [
      0.7239826321601868,
      0.0,
      0.6898182034492493,
      0.0
    ],
    [
      0.0,
      1.0,
      0.0,
      0.0
    ],
    [
      -0.6898182034492493,
      0.0,
      0.7239826321601868,
      0.0
    ],
    [
      -3.299999952316284,
      -0.0008544921875,
      78.10417938232422,
      1.0
    ]
  ],
  "167": [
    [
      -0.997262179851532,
      0.0,
      -0.07394701987504959,
      0.0
    ],
    [
      0.0,
      1.0,
      0.0,
      0.0
    ],
    [
      0.07394701987504959,
      0.0,
      -0.997262179851532,
      0.0
    ],
    [
      -10.937678337097168,
      0.01171875,
      106.24219512939453,
      1.0
    ]
  ],
  "114": [
    [
      0.00038352806586772203,
      0.0,
      -0.9999999403953552,
      0.0
    ],
    [
      0.0,
      1.0,
      0.0,
      0.0
    ],
    [
      0.9999999403953552,
      0.0,
      0.00038352806586772203,
      0.0
    ],
    [
      -9.633143424987793,
      0.0076904296875,
      19.949583053588867,
      1.0
    ]
  ],
  "139": [
    [
      1.0,
      0.0,
      0.0,
      0.0
    ],
    [
      0.0,
      1.0,
      0.0,
      0.0
    ],
    [
      0.0,
      0.0,
      1.0,
      0.0
    ],
    [
      41.93000793457031,
      -0.001953125,
      -19.5783748626709,
      1.0
    ]
  ],
  "117": [
    [
      -0.666714072227478,
      0.0,
      -0.7453135848045349,
      0.0
    ],
    [
      0.0,
      1.0,
      0.0,
      0.0
    ],
    [
      0.7453135848045349,
      0.0,
      -0.666714072227478,
      0.0
    ],
    [
      -9.94502067565918,
      0.0009765625,
      20.666648864746094,
      1.0
    ]
  ],
  "100": [
    [
      -0.6221610307693481,
      0.0,
      0.7828892469406128,
      0.0
    ],
    [
      -0.040813349187374115,
      0.998640239238739,
      -0.032434314489364624,
      0.0
    ],
    [
      -0.7818246483802795,
      -0.05213170498609543,
      -0.6213150024414062,
      0.0
    ],
    [
      -27.993038177490234,
      -0.7185793519020081,
      84.64439392089844,
      1.0
    ]
  ],
  "82": [
    [
      0.3570309579372406,
      0.0,
      -0.9340925812721252,
      0.0
    ],
    [
      0.04869583621621132,
      0.998640239238739,
      0.018612632527947426,
      0.0
    ],
    [
      0.9328224062919617,
      -0.05213170498609543,
      0.35654547810554504,
      0.0
    ],
    [
      -29.95357894897461,
      -0.7145566940307617,
      104.75367736816406,
      1.0
    ]
  ],
  "140": [
    [
      -0.11060337722301483,
      0.0,
      0.9938646554946899,
      0.0
    ],
    [
      0.0,
      1.0,
      0.0,
      0.0
    ],
    [
      -0.9938646554946899,
      0.0,
      -0.11060337722301483,
      0.0
    ],
    [
      42.26799774169922,
      -0.001953125,
      -19.623193740844727,
      1.0
    ]
  ],
  "86": [
    [
      -0.9999999403953552,
      0.0,
      -0.00038352806586772203,
      0.0
    ],
    [
      1.9993971363874152e-05,
      0.998640239238739,
      -0.05213170126080513,
      0.0
    ],
    [
      0.0003830065543297678,
      -0.05213170498609543,
      -0.9986401796340942,
      0.0
    ],
    [
      -28.991174697875977,
      -0.8835791945457458,
      29.876239776611328,
      1.0
    ]
  ],
  "120": [
    [
      0.00038352806586772203,
      0.0,
      -0.9999999403953552,
      0.0
    ],
    [
      0.0,
      1.0,
      0.0,
      0.0
    ],
    [
      0.9999999403953552,
      0.0,
      0.00038352806586772203,
      0.0
    ],
    [
      -11.13599681854248,
      -0.000244140625,
      20.73387336730957,
      1.0
    ]
  ],
  "110": [
    [
      1.0,
      0.0,
      0.0,
      0.0
    ],
    [
      0.0,
      1.0,
      0.0,
      0.0
    ],
    [
      0.0,
      0.0,
      1.0,
      0.0
    ],
    [
      -8.600358009338379,
      0.0002735760062932968,
      22.952274322509766,
      1.0
    ]
  ],
  "92": [
    [
      -0.5654155611991882,
      0.0,
      -0.8248063325881958,
      0.0
    ],
    [
      0.04299855977296829,
      0.998640239238739,
      -0.029476076364517212,
      0.0
    ],
    [
      0.8236847519874573,
      -0.05213170498609543,
      -0.5646467208862305,
      0.0
    ],
    [
      -28.539018630981445,
      -0.8721385598182678,
      59.997249603271484,
      1.0
    ]
  ],
  "102": [
    [
      1.0,
      0.0,
      0.0,
      0.0
    ],
    [
      0.0,
      1.0,
      0.0,
      0.0
    ],
    [
      0.0,
      0.0,
      1.0,
      0.0
    ],
    [
      -20.58307456970215,
      -2.4249267578125,
      86.9564437866211,
      1.0
    ]
  ],
  "36": [
    [
      -1.9999998807907104,
      0.0,
      -0.0007670561317354441,
      0.0
    ],
    [
      0.0,
      2.0,
      0.0,
      0.0
    ],
    [
      0.0007670561317354441,
      0.0,
      -1.9999998807907104,
      0.0
    ],
    [
      -20.888715744018555,
      0.14618492126464844,
      111.95358276367188,
      1.0
    ]
  ],
  "109": [
    [
      1.0,
      0.0,
      0.0,
      0.0
    ],
    [
      0.0,
      1.0,
      0.0,
      0.0
    ],
    [
      0.0,
      0.0,
      1.0,
      0.0
    ],
    [
      -30.99373435974121,
      -2.4249267578125,
      -14.742230415344238,
      1.0
    ]
  ],
  "136": [
    [
      1.0,
      0.0,
      0.0,
      0.0
    ],
    [
      0.0,
      1.0,
      0.0,
      0.0
    ],
    [
      0.0,
      0.0,
      1.0,
      0.0
    ],
    [
      39.241031646728516,
      -0.001953125,
      -19.600784301757812,
      1.0
    ]
  ],
  "118": [
    [
      -0.8579258322715759,
      0.0,
      0.5137738585472107,
      0.0
    ],
    [
      0.0,
      1.0,
      0.0,
      0.0
    ],
    [
      -0.5137738585472107,
      0.0,
      -0.8579258322715759,
      0.0
    ],
    [
      -9.319999694824219,
      0.0009765625,
      20.733871459960938,
      1.0
    ]
  ],
  "119": [
    [
      0.00038352806586772203,
      0.0,
      -0.9999999403953552,
      0.0
    ],
    [
      0.0,
      1.0,
      0.0,
      0.0
    ],
    [
      0.9999999403953552,
      0.0,
      0.00038352806586772203,
      0.0
    ],
    [
      -11.180813789367676,
      -0.000244140625,
      23.131546020507812,
      1.0
    ]
  ],
  "5": [
    [
      -0.00038367905654013157,
      0.0,
      0.9999999403953552,
      0.0
    ],
    [
      0.0,
      1.0,
      0.0,
      0.0
    ],
    [
      -0.9999999403953552,
      0.0,
      -0.00038367905654013157,
      0.0
    ],
    [
      -9.40999984741211,
      0.0003662109375,
      93.66690826416016,
      1.0
    ]
  ],
  "26": [
    [
      -0.30857932567596436,
      0.0,
      -0.9511986374855042,
      0.0
    ],
    [
      0.04958760365843773,
      0.998640239238739,
      -0.016086764633655548,
      0.0
    ],
    [
      0.9499052166938782,
      -0.05213170498609543,
      -0.3081597089767456,
      0.0
    ],
    [
      -29.94688606262207,
      -0.7125663757324219,
      -5.592774868011475,
      1.0
    ]
  ],
  "417": [
    [
      1.0,
      0.0,
      0.0,
      0.0
    ],
    [
      0.0,
      1.0,
      0.0,
      0.0
    ],
    [
      0.0,
      0.0,
      1.0,
      0.0
    ],
    [
      -22.17462158203125,
      -0.0020751953125,
      -13.229593276977539,
      1.0
    ]
  ],
  "166": [
    [
      1.0,
      0.0,
      0.0,
      0.0
    ],
    [
      0.0,
      1.0,
      0.0,
      0.0
    ],
    [
      0.0,
      0.0,
      1.0,
      0.0
    ],
    [
      -10.958565711975098,
      0.01171875,
      105.79403686523438,
      1.0
    ]
  ],
  "418": [
    [
      -0.9999540448188782,
      0.0,
      -0.00958729162812233,
      0.0
    ],
    [
      0.0,
      1.0,
      0.0,
      0.0
    ],
    [
      0.00958729162812233,
      0.0,
      -0.9999540448188782,
      0.0
    ],
    [
      -16.5,
      -0.0001220703125,
      34.13248825073242,
      1.0
    ]
  ],
  "151": [
    [
      1.0,
      0.0,
      0.0,
      0.0
    ],
    [
      0.0,
      1.0,
      0.0,
      0.0
    ],
    [
      0.0,
      0.0,
      1.0,
      0.0
    ],
    [
      19.894981384277344,
      -0.001953125,
      22.28272819519043,
      1.0
    ]
  ],
  "93": [
    [
      -0.16415663063526154,
      0.0,
      0.986434280872345,
      0.0
    ],
    [
      -0.05142449960112572,
      0.998640239238739,
      -0.008557764813303947,
      0.0
    ],
    [
      -0.9850929379463196,
      -0.05213170498609543,
      -0.1639334112405777,
      0.0
    ],
    [
      -28.149032592773438,
      -0.8578725457191467,
      83.39644622802734,
      1.0
    ]
  ],
  "156": [
    [
      -0.9999999403953552,
      0.0,
      -0.00038352806586772203,
      0.0
    ],
    [
      1.9993971363874152e-05,
      0.998640239238739,
      -0.05213170126080513,
      0.0
    ],
    [
      0.0003830065543297678,
      -0.05213170498609543,
      -0.9986401796340942,
      0.0
    ],
    [
      -29.076597213745117,
      -0.3993375301361084,
      -10.666915893554688,
      1.0
    ]
  ],
  "115": [
    [
      0.00038352806586772203,
      0.0,
      -0.9999999403953552,
      0.0
    ],
    [
      0.0,
      1.0,
      0.0,
      0.0
    ],
    [
      0.9999999403953552,
      0.0,
      0.00038352806586772203,
      0.0
    ],
    [
      -11.22412109375,
      0.0076904296875,
      19.949583053588867,
      1.0
    ]
  ],
  "165": [
    [
      1.0,
      0.0,
      0.0,
      0.0
    ],
    [
      0.0,
      1.0,
      0.0,
      0.0
    ],
    [
      0.0,
      0.0,
      1.0,
      0.0
    ],
    [
      -10.958566665649414,
      0.01171875,
      106.04052734375,
      1.0
    ]
  ],
  "137": [
    [
      -0.11060337722301483,
      0.0,
      0.9938646554946899,
      0.0
    ],
    [
      0.0,
      1.0,
      0.0,
      0.0
    ],
    [
      -0.9938646554946899,
      0.0,
      -0.11060337722301483,
      0.0
    ],
    [
      39.534202575683594,
      -0.001953125,
      -19.623193740844727,
      1.0
    ]
  ],
  "104": [
    [
      1.0,
      0.0,
      0.0,
      0.0
    ],
    [
      0.0,
      1.0,
      0.0,
      0.0
    ],
    [
      0.0,
      0.0,
      1.0,
      0.0
    ],
    [
      -19.591581344604492,
      -2.4249267578125,
      56.92842483520508,
      1.0
    ]
  ],
  "124": [
    [
      1.0,
      0.0,
      0.0,
      0.0
    ],
    [
      0.0,
      1.0,
      0.0,
      0.0
    ],
    [
      0.0,
      0.0,
      1.0,
      0.0
    ],
    [
      -11.08765697479248,
      0.0003662109375,
      20.1064453125,
      1.0
    ]
  ],
  "91": [
    [
      0.83465176820755,
      0.0,
      0.5507780313491821,
      0.0
    ],
    [
      -0.02871299721300602,
      0.998640239238739,
      0.04351181909441948,
      0.0
    ],
    [
      -0.5500290989875793,
      -0.05213170498609543,
      0.8335168361663818,
      0.0
    ],
    [
      -28.700000762939453,
      -0.8761433959007263,
      36.052066802978516,
      1.0
    ]
  ],
  "32": [
    [
      2.0,
      0.0,
      0.0,
      0.0
    ],
    [
      0.0,
      2.0,
      0.0,
      0.0
    ],
    [
      0.0,
      0.0,
      2.0,
      0.0
    ],
    [
      -20.005125045776367,
      0.19489669799804688,
      27.77851676940918,
      1.0
    ]
  ],
  "88": [
    [
      0.05442940443754196,
      0.0,
      0.998517632484436,
      0.0
    ],
    [
      -0.052054423838853836,
      0.998640239238739,
      0.0028374975081533194,
      0.0
    ],
    [
      -0.9971598386764526,
      -0.05213170498609543,
      0.05435539036989212,
      0.0
    ],
    [
      -28.383024215698242,
      -0.7182890772819519,
      94.62806701660156,
      1.0
    ]
  ],
  "148": [
    [
      0.38841384649276733,
      0.0,
      -1.4488391876220703,
      0.0
    ],
    [
      0.0,
      1.5,
      0.0,
      0.0
    ],
    [
      1.4488391876220703,
      0.0,
      0.38841384649276733,
      0.0
    ],
    [
      -26.81664276123047,
      0.47339630126953125,
      70.24612426757812,
      1.0
    ]
  ],
  "89": [
    [
      0.849539577960968,
      0.0,
      0.5275248289108276,
      0.0
    ],
    [
      -0.02750076726078987,
      0.998640239238739,
      0.044287946075201035,
      0.0
    ],
    [
      -0.5268074870109558,
      -0.05213170498609543,
      0.8483843803405762,
      0.0
    ],
    [
      -27.97020149230957,
      -0.8596479296684265,
      71.48468017578125,
      1.0
    ]
  ],
  "90": [
    [
      0.9935206770896912,
      0.0,
      0.11365199834108353,
      0.0
    ],
    [
      -0.005924872122704983,
      0.998640239238739,
      0.05179392546415329,
      0.0
    ],
    [
      -0.11349745839834213,
      -0.05213170498609543,
      0.9921696782112122,
      0.0
    ],
    [
      -27.36905860900879,
      -0.7098817229270935,
      55.707393646240234,
      1.0
    ]
  ],
  "113": [
    [
      0.00038352806586772203,
      0.0,
      -0.9999999403953552,
      0.0
    ],
    [
      0.0,
      1.0,
      0.0,
      0.0
    ],
    [
      0.9999999403953552,
      0.0,
      0.00038352806586772203,
      0.0
    ],
    [
      -11.627467155456543,
      0.0076904296875,
      23.983049392700195,
      1.0
    ]
  ],
  "33": [
    [
      2.0,
      0.0,
      0.0,
      0.0
    ],
    [
      0.0,
      2.0,
      0.0,
      0.0
    ],
    [
      0.0,
      0.0,
      2.0,
      0.0
    ],
    [
      -24.730548858642578,
      0.04874992370605469,
      27.87594985961914,
      1.0
    ]
  ],
  "143": [
    [
      0.004985462874174118,
      0.0,
      -0.9999876022338867,
      0.0
    ],
    [
      0.0,
      1.0,
      0.0,
      0.0
    ],
    [
      0.9999876022338867,
      0.0,
      0.004985462874174118,
      0.0
    ],
    [
      41.6181640625,
      -0.001953125,
      -19.64560317993164,
      1.0
    ]
  ],
  "27": [
    [
      -0.00038367905654013157,
      0.0,
      0.9999999403953552,
      0.0
    ],
    [
      0.0,
      1.0,
      0.0,
      0.0
    ],
    [
      -0.9999999403953552,
      0.0,
      -0.00038367905654013157,
      0.0
    ],
    [
      -9.458945274353027,
      0.0023193359375,
      103.77954864501953,
      1.0
    ]
  ]
}