{
  "80": [
    [
      -0.9999999403953552,
      0.0,
      -0.00038352806586772203,
      0.0
    ],
    [
      0.0,
      1.0,
      0.0,
      0.0
    ],
    [
      0.00038352806586772203,
      0.0,
      -0.9999999403953552,
      0.0
    ],
    [
      85.58512878417969,
      0.0948486328125,
      13.100275039672852,
      1.0
    ]
  ],
  "84": [
    [
      -0.00038367905654013157,
      0.0,
      0.9999999403953552,
      0.0
    ],
    [
      0.0,
      1.0,
      0.0,
      0.0
    ],
    [
      -0.9999999403953552,
      0.0,
      -0.00038367905654013157,
      0.0
    ],
    [
      208.52330017089844,
      0.32163238525390625,
      16.107927322387695,
      1.0
    ]
  ],
  "117": [
    [
      -0.6429510116577148,
      0.0,
      0.7659075856208801,
      0.0
    ],
    [
      0.0,
      1.0,
      0.0,
      0.0
    ],
    [
      -0.7659075856208801,
      0.0,
      -0.6429510116577148,
      0.0
    ],
    [
      -7.705901145935059,
      0.006889573764055967,
      129.57052612304688,
      1.0
    ]
  ],
  "128": [
    [
      1.0,
      0.0,
      0.0,
      0.0
    ],
    [
      0.0,
      1.0,
      0.0,
      0.0
    ],
    [
      0.0,
      0.0,
      1.0,
      0.0
    ],
    [
      44.88985061645508,
      0.093505859375,
      21.475303649902344,
      1.0
    ]
  ],
  "153": [
    [
      1.0,
      0.0,
      0.0,
      0.0
    ],
    [
      0.0,
      1.0,
      0.0,
      0.0
    ],
    [
      0.0,
      0.0,
      1.0,
      0.0
    ],
    [
      145.5,
      0.23259156942367554,
      15.309276580810547,
      1.0
    ]
  ],
  "182": [
    [
      -0.9999999403953552,
      0.0,
      -0.00038352806586772203,
      0.0
    ],
    [
      0.0,
      1.0,
      0.0,
      0.0
    ],
    [
      0.00038352806586772203,
      0.0,
      -0.9999999403953552,
      0.0
    ],
    [
      115.54657745361328,
      0.09375,
      23.29660415649414,
      1.0
    ]
  ],
  "64": [
    [
      -0.9999999403953552,
      0.0,
      -0.00038352806586772203,
      0.0
    ],
    [
      0.0,
      1.0,
      0.0,
      0.0
    ],
    [
      0.00038352806586772203,
      0.0,
      -0.9999999403953552,
      0.0
    ],
    [
      51.540000915527344,
      0.0948486328125,
      -7.478849411010742,
      1.0
    ]
  ],
  "54": [
    [
      1.0,
      0.0,
      0.0,
      0.0
    ],
    [
      0.0,
      1.0,
      0.0,
      0.0
    ],
    [
      0.0,
      0.0,
      1.0,
      0.0
    ],
    [
      54.11029815673828,
      0.094482421875,
      17.13004493713379,
      1.0
    ]
  ],
  "162": [
    [
      1.0,
      0.0,
      0.0,
      0.0
    ],
    [
      0.0,
      1.0,
      0.0,
      0.0
    ],
    [
      0.0,
      0.0,
      1.0,
      0.0
    ],
    [
      77.21344757080078,
      1.6268746852874756,
      36.58462142944336,
      1.0
    ]
  ],
  "138": [
    [
      0.00038352806586772203,
      0.0,
      -0.9999999403953552,
      0.0
    ],
    [
      0.0,
      1.0,
      0.0,
      0.0
    ],
    [
      0.9999999403953552,
      0.0,
      0.00038352806586772203,
      0.0
    ],
    [
      46.840518951416016,
      0.23910140991210938,
      27.65657615661621,
      1.0
    ]
  ],
  "92": [
    [
      -0.9999999403953552,
      0.0,
      -0.00038352806586772203,
      0.0
    ],
    [
      0.0,
      1.0,
      0.0,
      0.0
    ],
    [
      0.00038352806586772203,
      0.0,
      -0.9999999403953552,
      0.0
    ],
    [
      121.3281021118164,
      0.09375,
      26.98931884765625,
      1.0
    ]
  ],
  "85": [
    [
      -0.00038367905654013157,
      0.0,
      0.9999999403953552,
      0.0
    ],
    [
      0.0,
      1.0,
      0.0,
      0.0
    ],
    [
      -0.9999999403953552,
      0.0,
      -0.00038367905654013157,
      0.0
    ],
    [
      208.5672607421875,
      0.32163238525390625,
      13.257213592529297,
      1.0
    ]
  ],
  "78": [
    [
      -0.00038367905654013157,
      0.0,
      0.9999999403953552,
      0.0
    ],
    [
      0.0,
      1.0,
      0.0,
      0.0
    ],
    [
      -0.9999999403953552,
      0.0,
      -0.00038367905654013157,
      0.0
    ],
    [
      131.1155242919922,
      0.18873284757137299,
      17.16640853881836,
      1.0
    ]
  ],
  "111": [
    [
      1.0,
      0.0,
      0.0,
      0.0
    ],
    [
      0.0,
      1.0,
      0.0,
      0.0
    ],
    [
      0.0,
      0.0,
      1.0,
      0.0
    ],
    [
      115.5116958618164,
      0.09375,
      22.811702728271484,
      1.0
    ]
  ],
  "116": [
    [
      -0.6429510116577148,
      0.0,
      0.7659075856208801,
      0.0
    ],
    [
      0.0,
      1.0,
      0.0,
      0.0
    ],
    [
      -0.7659075856208801,
      0.0,
      -0.6429510116577148,
      0.0
    ],
    [
      -6.256446838378906,
      0.005126953125,
      127.79896545410156,
      1.0
    ]
  ],
  "105": [
    [
      1.0,
      0.0,
      0.0,
      0.0
    ],
    [
      0.0,
      1.0,
      0.0,
      0.0
    ],
    [
      0.0,
      0.0,
      1.0,
      0.0
    ],
    [
      115.69819641113281,
      0.09375,
      29.936031341552734,
      1.0
    ]
  ],
  "99": [
    [
      1.0,
      0.0,
      0.0,
      0.0
    ],
    [
      0.0,
      1.0,
      0.0,
      0.0
    ],
    [
      0.0,
      0.0,
      1.0,
      0.0
    ],
    [
      121.3678207397461,
      0.09375,
      22.550601959228516,
      1.0
    ]
  ],
  "91": [
    [
      1.0,
      0.0,
      0.0,
      0.0
    ],
    [
      0.0,
      1.0,
      0.0,
      0.0
    ],
    [
      0.0,
      0.0,
      1.0,
      0.0
    ],
    [
      121.3678207397461,
      0.09375,
      26.69091796875,
      1.0
    ]
  ],
  "163": [
    [
      1.0,
      0.0,
      0.0,
      0.0
    ],
    [
      0.0,
      1.0,
      0.0,
      0.0
    ],
    [
      0.0,
      0.0,
      1.0,
      0.0
    ],
    [
      75.61414337158203,
      1.6268746852874756,
      36.58462142944336,
      1.0
    ]
  ],
  "58": [
    [
      1.0,
      0.0,
      0.0,
      0.0
    ],
    [
      0.0,
      1.0,
      0.0,
      0.0
    ],
    [
      0.0,
      0.0,
      1.0,
      0.0
    ],
    [
      -12.293986320495605,
      0.061279296875,
      126.68269348144531,
      1.0
    ]
  ],
  "152": [
    [
      1.0,
      0.0,
      0.0,
      0.0
    ],
    [
      0.0,
      1.0,
      0.0,
      0.0
    ],
    [
      0.0,
      0.0,
      1.0,
      0.0
    ],
    [
      145.4199981689453,
      0.2896963655948639,
      13.856681823730469,
      1.0
    ]
  ],
  "131": [
    [
      1.0,
      0.0,
      0.0,
      0.0
    ],
    [
      0.0,
      1.0,
      0.0,
      0.0
    ],
    [
      0.0,
      0.0,
      1.0,
      0.0
    ],
    [
      34.67229080200195,
      0.058349609375,
      16.426654815673828,
      1.0
    ]
  ],
  "62": [
    [
      1.0,
      0.0,
      0.0,
      0.0
    ],
    [
      0.0,
      1.0,
      0.0,
      0.0
    ],
    [
      0.0,
      0.0,
      1.0,
      0.0
    ],
    [
      -11.243974685668945,
      0.060302734375,
      127.21854400634766,
      1.0
    ]
  ],
  "184": [
    [
      0.000575292098801583,
      0.0,
      -1.4999998807907104,
      0.0
    ],
    [
      0.0,
      1.5,
      0.0,
      0.0
    ],
    [
      1.4999998807907104,
      0.0,
      0.000575292098801583,
      0.0
    ],
    [
      79.63728332519531,
      0.6886787414550781,
      44.94083023071289,
      1.0
    ]
  ],
  "150": [
    [
      1.0,
      0.0,
      0.0,
      0.0
    ],
    [
      0.0,
      1.0,
      0.0,
      0.0
    ],
    [
      0.0,
      0.0,
      1.0,
      0.0
    ],
    [
      144.16000366210938,
      0.1602783203125,
      15.372432708740234,
      1.0
    ]
  ],
  "174": [
    [
      -0.9816727042198181,
      0.0,
      -0.1905747354030609,
      0.0
    ],
    [
      0.00993498507887125,
      0.998640239238739,
      -0.051176268607378006,
      0.0
    ],
    [
      0.1903155893087387,
      -0.05213170498609543,
      -0.9803378582000732,
      0.0
    ],
    [
      -25.91063690185547,
      -2.3464889526367188,
      76.65478515625,
      1.0
    ]
  ],
  "66": [
    [
      0.00038352806586772203,
      0.0,
      -0.9999999403953552,
      0.0
    ],
    [
      0.0,
      1.0,
      0.0,
      0.0
    ],
    [
      0.9999999403953552,
      0.0,
      0.00038352806586772203,
      0.0
    ],
    [
      81.65945434570312,
      0.0948486328125,
      21.269723892211914,
      1.0
    ]
  ],
  "177": [
    [
      -0.9995864629745483,
      0.0,
      0.028758224099874496,
      0.0
    ],
    [
      -0.0014992151409387589,
      0.998640239238739,
      -0.05211014300584793,
      0.0
    ],
    [
      -0.028719119727611542,
      -0.05213170498609543,
      -0.9982272386550903,
      0.0
    ],
    [
      -25.441341400146484,
      -2.3464889526367188,
      42.73128890991211,
      1.0
    ]
  ],
  "112": [
    [
      -0.00038367905654013157,
      0.0,
      0.9999999403953552,
      0.0
    ],
    [
      0.0,
      1.0,
      0.0,
      0.0
    ],
    [
      -0.9999999403953552,
      0.0,
      -0.00038367905654013157,
      0.0
    ],
    [
      30.03089714050293,
      0.059814453125,
      16.63220977783203,
      1.0
    ]
  ],
  "52": [
    [
      1.0,
      0.0,
      0.0,
      0.0
    ],
    [
      0.0,
      1.0,
      0.0,
      0.0
    ],
    [
      0.0,
      0.0,
      1.0,
      0.0
    ],
    [
      86.3601303100586,
      0.094482421875,
      41.06669616699219,
      1.0
    ]
  ],
  "178": [
    [
      0.9999999403953552,
      -0.0,
      0.00038352806586772203,
      -0.0
    ],
    [
      0.0,
      1.0,
      0.0,
      0.0
    ],
    [
      0.00038352806586772203,
      0.0,
      -0.9999999403953552,
      0.0
    ],
    [
      82.54605102539062,
      0.052001953125,
      13.548320770263672,
      1.0
    ]
  ],
  "172": [
    [
      -0.9977231025695801,
      0.0,
      0.06744395941495895,
      0.0
    ],
    [
      -0.0035159685648977757,
      0.998640239238739,
      -0.052013006061315536,
      0.0
    ],
    [
      -0.06735225021839142,
      -0.05213170498609543,
      -0.9963663816452026,
      0.0
    ],
    [
      -27.52858543395996,
      -2.3464889526367188,
      111.47290802001953,
      1.0
    ]
  ],
  "97": [
    [
      1.0,
      0.0,
      0.0,
      0.0
    ],
    [
      0.0,
      1.0,
      0.0,
      0.0
    ],
    [
      0.0,
      0.0,
      1.0,
      0.0
    ],
    [
      121.7408218383789,
      0.09375,
      33.21844482421875,
      1.0
    ]
  ],
  "149": [
    [
      1.0,
      0.0,
      0.0,
      0.0
    ],
    [
      0.0,
      1.0,
      0.0,
      0.0
    ],
    [
      0.0,
      0.0,
      1.0,
      0.0
    ],
    [
      142.6199951171875,
      0.1602783203125,
      13.856681823730469,
      1.0
    ]
  ],
  "161": [
    [
      1.0,
      0.0,
      0.0,
      0.0
    ],
    [
      0.0,
      1.0,
      0.0,
      0.0
    ],
    [
      0.0,
      0.0,
      1.0,
      0.0
    ],
    [
      78.81275177001953,
      1.6268746852874756,
      36.58462142944336,
      1.0
    ]
  ],
  "35": [
    [
      0.38841384649276733,
      0.0,
      -1.4488391876220703,
      0.0
    ],
    [
      0.0,
      1.5,
      0.0,
      0.0
    ],
    [
      1.4488391876220703,
      0.0,
      0.38841384649276733,
      0.0
    ],
    [
      -36.95000076293945,
      1.39117431640625,
      90.94798278808594,
      1.0
    ]
  ],
  "103": [
    [
      1.0,
      0.0,
      0.0,
      0.0
    ],
    [
      0.0,
      1.0,
      0.0,
      0.0
    ],
    [
      0.0,
      0.0,
      1.0,
      0.0
    ],
    [
      115.5116958618164,
      0.09375,
      26.95201873779297,
      1.0
    ]
  ],
  "171": [
    [
      -0.8029789328575134,
      0.0,
      -0.596007227897644,
      0.0
    ],
    [
      0.031070871278643608,
      0.998640239238739,
      -0.041860658675432205,
      0.0
    ],
    [
      0.5951967835426331,
      -0.05213170498609543,
      -0.801887035369873,
      0.0
    ],
    [
      -42.99887466430664,
      -2.3464889526367188,
      126.24756622314453,
      1.0
    ]
  ],
  "148": [
    [
      1.0,
      0.0,
      0.0,
      0.0
    ],
    [
      0.0,
      1.0,
      0.0,
      0.0
    ],
    [
      0.0,
      0.0,
      1.0,
      0.0
    ],
    [
      144.07000732421875,
      0.1602783203125,
      13.919837951660156,
      1.0
    ]
  ],
  "77": [
    [
      -0.00038367905654013157,
      0.0,
      0.9999999403953552,
      0.0
    ],
    [
      0.0,
      1.0,
      0.0,
      0.0
    ],
    [
      -0.9999999403953552,
      0.0,
      -0.00038367905654013157,
      0.0
    ],
    [
      86.44825744628906,
      0.042236328125,
      51.282623291015625,
      1.0
    ]
  ],
  "108": [
    [
      1.0,
      0.0,
      0.0,
      0.0
    ],
    [
      0.0,
      1.0,
      0.0,
      0.0
    ],
    [
      0.0,
      0.0,
      1.0,
      0.0
    ],
    [
      115.81009674072266,
      0.09375,
      33.29304504394531,
      1.0
    ]
  ],
  "113": [
    [
      -0.00038367905654013157,
      0.0,
      0.9999999403953552,
      0.0
    ],
    [
      0.0,
      1.0,
      0.0,
      0.0
    ],
    [
      -0.9999999403953552,
      0.0,
      -0.00038367905654013157,
      0.0
    ],
    [
      30.06443214416504,
      0.059814453125,
      21.65857696533203,
      1.0
    ]
  ],
  "125": [
    [
      -0.00038367905654013157,
      0.0,
      0.9999999403953552,
      0.0
    ],
    [
      0.0,
      1.0,
      0.0,
      0.0
    ],
    [
      -0.9999999403953552,
      0.0,
      -0.00038367905654013157,
      0.0
    ],
    [
      107.582763671875,
      0.18906831741333008,
      7.302881717681885,
      1.0
    ]
  ],
  "179": [
    [
      0.9999999403953552,
      -0.0,
      0.00038352806586772203,
      -0.0
    ],
    [
      0.0,
      1.0,
      0.0,
      0.0
    ],
    [
      0.00038352806586772203,
      0.0,
      -0.9999999403953552,
      0.0
    ],
    [
      84.63202667236328,
      0.052001953125,
      13.471062660217285,
      1.0
    ]
  ],
  "53": [
    [
      -0.9999999403953552,
      0.0,
      -0.00038352806586772203,
      0.0
    ],
    [
      0.0,
      1.0,
      0.0,
      0.0
    ],
    [
      0.00038352806586772203,
      0.0,
      -0.9999999403953552,
      0.0
    ],
    [
      86.36283874511719,
      0.094482421875,
      40.53375244140625,
      1.0
    ]
  ],
  "129": [
    [
      1.0,
      0.0,
      0.0,
      0.0
    ],
    [
      0.0,
      1.0,
      0.0,
      0.0
    ],
    [
      0.0,
      0.0,
      1.0,
      0.0
    ],
    [
      -17.256925582885742,
      -0.000244140625,
      29.288726806640625,
      1.0
    ]
  ],
  "75": [
    [
      -0.9999999403953552,
      0.0,
      -0.00038352806586772203,
      0.0
    ],
    [
      0.0,
      1.0,
      0.0,
      0.0
    ],
    [
      0.00038352806586772203,
      0.0,
      -0.9999999403953552,
      0.0
    ],
    [
      85.58512878417969,
      0.0948486328125,
      21.655683517456055,
      1.0
    ]
  ],
  "151": [
    [
      1.0,
      0.0,
      0.0,
      0.0
    ],
    [
      0.0,
      1.0,
      0.0,
      0.0
    ],
    [
      0.0,
      0.0,
      1.0,
      0.0
    ],
    [
      142.6999969482422,
      0.1602783203125,
      15.309276580810547,
      1.0
    ]
  ],
  "79": [
    [
      -0.00038367905654013157,
      0.0,
      0.9999999403953552,
      0.0
    ],
    [
      0.0,
      1.0,
      0.0,
      0.0
    ],
    [
      -0.9999999403953552,
      0.0,
      -0.00038367905654013157,
      0.0
    ],
    [
      85.65512084960938,
      0.0948486328125,
      9.240708351135254,
      1.0
    ]
  ],
  "169": [
    [
      1.0,
      0.0,
      0.0,
      0.0
    ],
    [
      0.0,
      1.0,
      0.0,
      0.0
    ],
    [
      0.0,
      0.0,
      1.0,
      0.0
    ],
    [
      66.01831817626953,
      1.6268746852874756,
      36.58462142944336,
      1.0
    ]
  ],
  "90": [
    [
      1.0,
      0.0,
      0.0,
      0.0
    ],
    [
      0.0,
      1.0,
      0.0,
      0.0
    ],
    [
      0.0,
      0.0,
      1.0,
      0.0
    ],
    [
      121.29322052001953,
      0.09375,
      26.504417419433594,
      1.0
    ]
  ],
  "127": [
    [
      0.00038367905654013157,
      -0.0,
      -0.9999999403953552,
      -0.0
    ],
    [
      0.0,
      1.0,
      0.0,
      0.0
    ],
    [
      -0.9999999403953552,
      0.0,
      -0.00038367905654013157,
      0.0
    ],
    [
      107.5801773071289,
      0.18906831741333008,
      15.092504501342773,
      1.0
    ]
  ],
  "95": [
    [
      -0.9999999403953552,
      0.0,
      -0.00038352806586772203,
      0.0
    ],
    [
      0.0,
      1.0,
      0.0,
      0.0
    ],
    [
      0.00038352806586772203,
      0.0,
      -0.9999999403953552,
      0.0
    ],
    [
      121.58920288085938,
      0.09375,
      30.159832000732422,
      1.0
    ]
  ],
  "144": [
    [
      -1.0,
      -0.0,
      -0.0,
      -0.0
    ],
    [
      0.0,
      1.0,
      0.0,
      0.0
    ],
    [
      0.0,
      0.0,
      1.0,
      0.0
    ],
    [
      48.527896881103516,
      0.11278915405273438,
      17.046316146850586,
      1.0
    ]
  ],
  "118": [
    [
      -0.6429510116577148,
      0.0,
      0.7659075856208801,
      0.0
    ],
    [
      0.0,
      1.0,
      0.0,
      0.0
    ],
    [
      -0.7659075856208801,
      0.0,
      -0.6429510116577148,
      0.0
    ],
    [
      -8.935544967651367,
      0.010986328125,
      130.990966796875,
      1.0
    ]
  ],
  "164": [
    [
      1.0,
      0.0,
      0.0,
      0.0
    ],
    [
      0.0,
      1.0,
      0.0,
      0.0
    ],
    [
      0.0,
      0.0,
      1.0,
      0.0
    ],
    [
      74.01483917236328,
      1.6268746852874756,
      36.58462142944336,
      1.0
    ]
  ],
  "83": [
    [
      -0.9999999403953552,
      0.0,
      -0.00038352806586772203,
      0.0
    ],
    [
      0.0,
      1.0,
      0.0,
      0.0
    ],
    [
      0.00038352806586772203,
      0.0,
      -0.9999999403953552,
      0.0
    ],
    [
      202.14541625976562,
      0.32163238525390625,
      23.35972023010254,
      1.0
    ]
  ],
  "137": [
    [
      0.00038352806586772203,
      0.0,
      -0.9999999403953552,
      0.0
    ],
    [
      0.0,
      1.0,
      0.0,
      0.0
    ],
    [
      0.9999999403953552,
      0.0,
      0.00038352806586772203,
      0.0
    ],
    [
      46.792701721191406,
      0.23910140991210938,
      36.50322341918945,
      1.0
    ]
  ],
  "56": [
    [
      -0.00038367905654013157,
      0.0,
      0.9999999403953552,
      0.0
    ],
    [
      0.0,
      1.0,
      0.0,
      0.0
    ],
    [
      -0.9999999403953552,
      0.0,
      -0.00038367905654013157,
      0.0
    ],
    [
      21.25766372680664,
      0.059326171875,
      47.16159439086914,
      1.0
    ]
  ],
  "76": [
    [
      1.0,
      0.0,
      0.0,
      0.0
    ],
    [
      0.0,
      1.0,
      0.0,
      0.0
    ],
    [
      0.0,
      0.0,
      1.0,
      0.0
    ],
    [
      81.59321594238281,
      0.0948486328125,
      17.1528377532959,
      1.0
    ]
  ],
  "170": [
    [
      1.0,
      0.0,
      0.0,
      0.0
    ],
    [
      0.0,
      1.0,
      0.0,
      0.0
    ],
    [
      0.0,
      0.0,
      1.0,
      0.0
    ],
    [
      64.41901397705078,
      1.6268746852874756,
      36.58462142944336,
      1.0
    ]
  ],
  "81": [
    [
      0.00038352806586772203,
      0.0,
      -0.9999999403953552,
      0.0
    ],
    [
      0.0,
      1.0,
      0.0,
      0.0
    ],
    [
      0.9999999403953552,
      0.0,
      0.00038352806586772203,
      0.0
    ],
    [
      127.07442474365234,
      0.0948486328125,
      13.274377822875977,
      1.0
    ]
  ],
  "72": [
    [
      -0.9999999403953552,
      0.0,
      -0.00038352806586772203,
      0.0
    ],
    [
      0.0,
      1.0,
      0.0,
      0.0
    ],
    [
      0.00038352806586772203,
      0.0,
      -0.9999999403953552,
      0.0
    ],
    [
      51.21065902709961,
      0.0948486328125,
      21.28859519958496,
      1.0
    ]
  ],
  "65": [
    [
      0.00038352806586772203,
      0.0,
      -0.9999999403953552,
      0.0
    ],
    [
      0.0,
      1.0,
      0.0,
      0.0
    ],
    [
      0.9999999403953552,
      0.0,
      0.00038352806586772203,
      0.0
    ],
    [
      47.54999923706055,
      0.0948486328125,
      5.064793586730957,
      1.0
    ]
  ],
  "82": [
    [
      1.0,
      0.0,
      0.0,
      0.0
    ],
    [
      0.0,
      1.0,
      0.0,
      0.0
    ],
    [
      0.0,
      0.0,
      1.0,
      0.0
    ],
    [
      201.72064208984375,
      0.32163238525390625,
      8.625712394714355,
      1.0
    ]
  ],
  "145": [
    [
      -0.9397217631340027,
      -0.0,
      0.3419400751590729,
      -0.0
    ],
    [
      0.0,
      1.0,
      0.0,
      0.0
    ],
    [
      0.3419400751590729,
      0.0,
      0.9397217631340027,
      0.0
    ],
    [
      51.513153076171875,
      0.19699478149414062,
      16.26738739013672,
      1.0
    ]
  ],
  "173": [
    [
      -0.925920844078064,
      0.0,
      -0.3777177333831787,
      0.0
    ],
    [
      0.019691068679094315,
      0.998640239238739,
      -0.04826983064413071,
      0.0
    ],
    [
      0.37720412015914917,
      -0.05213170498609543,
      -0.9246617555618286,
      0.0
    ],
    [
      -42.998870849609375,
      -2.3464889526367188,
      94.9387435913086,
      1.0
    ]
  ],
  "37": [
    [
      0.8604171276092529,
      0.0,
      -1.2286913394927979,
      0.0
    ],
    [
      0.0,
      1.5,
      0.0,
      0.0
    ],
    [
      1.2286913394927979,
      0.0,
      0.8604171276092529,
      0.0
    ],
    [
      -32.175270080566406,
      1.4247665405273438,
      90.8808364868164,
      1.0
    ]
  ],
  "94": [
    [
      1.0,
      0.0,
      0.0,
      0.0
    ],
    [
      0.0,
      1.0,
      0.0,
      0.0
    ],
    [
      0.0,
      0.0,
      1.0,
      0.0
    ],
    [
      121.62892150878906,
      0.09375,
      29.861431121826172,
      1.0
    ]
  ],
  "51": [
    [
      1.0,
      0.0,
      0.0,
      0.0
    ],
    [
      0.0,
      1.0,
      0.0,
      0.0
    ],
    [
      0.0,
      0.0,
      1.0,
      0.0
    ],
    [
      116.0447769165039,
      0.0931396484375,
      45.9776496887207,
      1.0
    ]
  ],
  "165": [
    [
      1.0,
      0.0,
      0.0,
      0.0
    ],
    [
      0.0,
      1.0,
      0.0,
      0.0
    ],
    [
      0.0,
      0.0,
      1.0,
      0.0
    ],
    [
      72.41553497314453,
      1.6268746852874756,
      36.58462142944336,
      1.0
    ]
  ],
  "176": [
    [
      0.9123351573944092,
      0.0,
      0.4094442129135132,
      0.0
    ],
    [
      -0.021345023065805435,
      0.998640239238739,
      0.047561585903167725,
      0.0
    ],
    [
      -0.40888744592666626,
      -0.05213170498609543,
      0.9110945463180542,
      0.0
    ],
    [
      -42.52957534790039,
      -2.3464889526367188,
      61.015254974365234,
      1.0
    ]
  ],
  "107": [
    [
      -0.9999999403953552,
      0.0,
      -0.00038352806586772203,
      0.0
    ],
    [
      0.0,
      1.0,
      0.0,
      0.0
    ],
    [
      0.00038352806586772203,
      0.0,
      -0.9999999403953552,
      0.0
    ],
    [
      115.73307800292969,
      0.09375,
      30.42093276977539,
      1.0
    ]
  ],
  "100": [
    [
      1.0,
      0.0,
      0.0,
      0.0
    ],
    [
      0.0,
      1.0,
      0.0,
      0.0
    ],
    [
      0.0,
      0.0,
      1.0,
      0.0
    ],
    [
      121.44242095947266,
      0.09375,
      22.737102508544922,
      1.0
    ]
  ],
  "168": [
    [
      1.0,
      0.0,
      0.0,
      0.0
    ],
    [
      0.0,
      1.0,
      0.0,
      0.0
    ],
    [
      0.0,
      0.0,
      1.0,
      0.0
    ],
    [
      67.61762237548828,
      1.6268746852874756,
      36.58462142944336,
      1.0
    ]
  ],
  "102": [
    [
      1.0,
      0.0,
      0.0,
      0.0
    ],
    [
      0.0,
      1.0,
      0.0,
      0.0
    ],
    [
      0.0,
      0.0,
      1.0,
      0.0
    ],
    [
      115.43709564208984,
      0.09375,
      26.765518188476562,
      1.0
    ]
  ],
  "175": [
    [
      0.7223934531211853,
      0.0,
      0.691482424736023,
      0.0
    ],
    [
      -0.03604815527796745,
      0.998640239238739,
      0.037659600377082825,
      0.0
    ],
    [
      -0.6905421614646912,
      -0.05213170498609543,
      0.7214111685752869,
      0.0
    ],
    [
      -40.18308639526367,
      -2.3464889526367188,
      33.259674072265625,
      1.0
    ]
  ],
  "167": [
    [
      1.0,
      0.0,
      0.0,
      0.0
    ],
    [
      0.0,
      1.0,
      0.0,
      0.0
    ],
    [
      0.0,
      0.0,
      1.0,
      0.0
    ],
    [
      69.21692657470703,
      1.6268746852874756,
      36.58462142944336,
      1.0
    ]
  ],
  "110": [
    [
      -0.9999999403953552,
      0.0,
      -0.00038352806586772203,
      0.0
    ],
    [
      0.0,
      1.0,
      0.0,
      0.0
    ],
    [
      0.00038352806586772203,
      0.0,
      -0.9999999403953552,
      0.0
    ],
    [
      115.84497833251953,
      0.09375,
      33.77794647216797,
      1.0
    ]
  ],
  "106": [
    [
      1.0,
      0.0,
      0.0,
      0.0
    ],
    [
      0.0,
      1.0,
      0.0,
      0.0
    ],
    [
      0.0,
      0.0,
      1.0,
      0.0
    ],
    [
      115.77279663085938,
      0.09375,
      30.12253189086914,
      1.0
    ]
  ],
  "104": [
    [
      -0.9999999403953552,
      0.0,
      -0.00038352806586772203,
      0.0
    ],
    [
      0.0,
      1.0,
      0.0,
      0.0
    ],
    [
      0.00038352806586772203,
      0.0,
      -0.9999999403953552,
      0.0
    ],
    [
      115.47197723388672,
      0.09375,
      27.25041961669922,
      1.0
    ]
  ],
  "180": [
    [
      1.0,
      0.0,
      0.0,
      0.0
    ],
    [
      0.0,
      1.0,
      0.0,
      0.0
    ],
    [
      0.0,
      0.0,
      1.0,
      0.0
    ],
    [
      115.58629608154297,
      0.09375,
      22.99820327758789,
      1.0
    ]
  ],
  "98": [
    [
      -0.9999999403953552,
      0.0,
      -0.00038352806586772203,
      0.0
    ],
    [
      0.0,
      1.0,
      0.0,
      0.0
    ],
    [
      0.00038352806586772203,
      0.0,
      -0.9999999403953552,
      0.0
    ],
    [
      121.70110321044922,
      0.09375,
      33.516845703125,
      1.0
    ]
  ],
  "60": [
    [
      -0.9847485423088074,
      -0.0,
      -0.17398372292518616,
      -0.0
    ],
    [
      0.0,
      1.0,
      0.0,
      0.0
    ],
    [
      -0.17398372292518616,
      0.0,
      0.9847485423088074,
      0.0
    ],
    [
      85.5999984741211,
      0.104736328125,
      17.720272064208984,
      1.0
    ]
  ],
  "96": [
    [
      1.0,
      0.0,
      0.0,
      0.0
    ],
    [
      0.0,
      1.0,
      0.0,
      0.0
    ],
    [
      0.0,
      0.0,
      1.0,
      0.0
    ],
    [
      121.66622161865234,
      0.09375,
      33.031944274902344,
      1.0
    ]
  ],
  "87": [
    [
      -0.9999999403953552,
      0.0,
      -0.00038352806586772203,
      0.0
    ],
    [
      0.0,
      1.0,
      0.0,
      0.0
    ],
    [
      0.00038352806586772203,
      0.0,
      -0.9999999403953552,
      0.0
    ],
    [
      199.21328735351562,
      0.32163238525390625,
      23.362985610961914,
      1.0
    ]
  ],
  "114": [
    [
      1.0,
      0.0,
      0.0,
      0.0
    ],
    [
      0.0,
      1.0,
      0.0,
      0.0
    ],
    [
      0.0,
      0.0,
      1.0,
      0.0
    ],
    [
      -9.87868881225586,
      0.059814453125,
      119.36124420166016,
      1.0
    ]
  ],
  "59": [
    [
      -0.9999999403953552,
      0.0,
      -0.00038352806586772203,
      0.0
    ],
    [
      0.0,
      1.0,
      0.0,
      0.0
    ],
    [
      0.00038352806586772203,
      0.0,
      -0.9999999403953552,
      0.0
    ],
    [
      -12.29539966583252,
      0.061279296875,
      126.14973449707031,
      1.0
    ]
  ],
  "109": [
    [
      1.0,
      0.0,
      0.0,
      0.0
    ],
    [
      0.0,
      1.0,
      0.0,
      0.0
    ],
    [
      0.0,
      0.0,
      1.0,
      0.0
    ],
    [
      115.88469696044922,
      0.09375,
      33.47954559326172,
      1.0
    ]
  ],
  "74": [
    [
      -0.00038367905654013157,
      0.0,
      0.9999999403953552,
      0.0
    ],
    [
      0.0,
      1.0,
      0.0,
      0.0
    ],
    [
      -0.9999999403953552,
      0.0,
      -0.00038367905654013157,
      0.0
    ],
    [
      51.08768081665039,
      0.0948486328125,
      17.107391357421875,
      1.0
    ]
  ],
  "67": [
    [
      0.00038352806586772203,
      0.0,
      -0.9999999403953552,
      0.0
    ],
    [
      0.0,
      1.0,
      0.0,
      0.0
    ],
    [
      0.9999999403953552,
      0.0,
      0.00038352806586772203,
      0.0
    ],
    [
      47.02767562866211,
      0.0948486328125,
      21.09561538696289,
      1.0
    ]
  ],
  "191": [
    [
      1.5,
      0.0,
      0.0,
      0.0
    ],
    [
      0.0,
      1.099853515625,
      0.0,
      0.0
    ],
    [
      0.0,
      0.0,
      1.2998046875,
      0.0
    ],
    [
      -32.15999984741211,
      0.21602630615234375,
      90.88054656982422,
      1.0
    ]
  ],
  "61": [
    [
      -0.9847485423088074,
      -0.0,
      -0.17398372292518616,
      -0.0
    ],
    [
      0.0,
      1.0,
      0.0,
      0.0
    ],
    [
      -0.17398372292518616,
      0.0,
      0.9847485423088074,
      0.0
    ],
    [
      82.89595794677734,
      0.052001953125,
      16.793170928955078,
      1.0
    ]
  ],
  "50": [
    [
      -0.9999999403953552,
      0.0,
      -0.00038352806586772203,
      0.0
    ],
    [
      0.0,
      1.0,
      0.0,
      0.0
    ],
    [
      0.00038352806586772203,
      0.0,
      -0.9999999403953552,
      0.0
    ],
    [
      15.458134651184082,
      0.059326171875,
      35.19694519042969,
      1.0
    ]
  ],
  "101": [
    [
      -0.9999999403953552,
      0.0,
      -0.00038352806586772203,
      0.0
    ],
    [
      0.0,
      1.0,
      0.0,
      0.0
    ],
    [
      0.00038352806586772203,
      0.0,
      -0.9999999403953552,
      0.0
    ],
    [
      121.40270233154297,
      0.09375,
      23.035503387451172,
      1.0
    ]
  ],
  "194": [
    [
      1.5,
      0.0,
      0.0,
      0.0
    ],
    [
      0.0,
      1.099853515625,
      0.0,
      0.0
    ],
    [
      0.0,
      0.0,
      1.2998046875,
      0.0
    ],
    [
      -36.9900016784668,
      0.21602630615234375,
      90.9247055053711,
      1.0
    ]
  ],
  "86": [
    [
      -0.00038367905654013157,
      0.0,
      0.9999999403953552,
      0.0
    ],
    [
      0.0,
      1.0,
      0.0,
      0.0
    ],
    [
      -0.9999999403953552,
      0.0,
      -0.00038367905654013157,
      0.0
    ],
    [
      208.52981567382812,
      0.32163238525390625,
      19.215946197509766,
      1.0
    ]
  ],
  "68": [
    [
      1.0,
      0.0,
      0.0,
      0.0
    ],
    [
      0.0,
      1.0,
      0.0,
      0.0
    ],
    [
      0.0,
      0.0,
      1.0,
      0.0
    ],
    [
      -9.816752433776855,
      0.0616455078125,
      128.1846160888672,
      1.0
    ]
  ],
  "55": [
    [
      -0.9999999403953552,
      0.0,
      -0.00038352806586772203,
      0.0
    ],
    [
      0.0,
      1.0,
      0.0,
      0.0
    ],
    [
      0.00038352806586772203,
      0.0,
      -0.9999999403953552,
      0.0
    ],
    [
      54.10887908935547,
      0.094482421875,
      16.597097396850586,
      1.0
    ]
  ],
  "49": [
    [
      1.0,
      0.0,
      0.0,
      0.0
    ],
    [
      0.0,
      1.0,
      0.0,
      0.0
    ],
    [
      0.0,
      0.0,
      1.0,
      0.0
    ],
    [
      15.459548950195312,
      0.059326171875,
      35.72989273071289,
      1.0
    ]
  ],
  "166": [
    [
      1.0,
      0.0,
      0.0,
      0.0
    ],
    [
      0.0,
      1.0,
      0.0,
      0.0
    ],
    [
      0.0,
      0.0,
      1.0,
      0.0
    ],
    [
      70.81623077392578,
      1.6268746852874756,
      36.58462142944336,
      1.0
    ]
  ],
  "93": [
    [
      1.0,
      0.0,
      0.0,
      0.0
    ],
    [
      0.0,
      1.0,
      0.0,
      0.0
    ],
    [
      0.0,
      0.0,
      1.0,
      0.0
    ],
    [
      121.5543212890625,
      0.09375,
      29.674930572509766,
      1.0
    ]
  ],
  "115": [
    [
      1.0,
      0.0,
      0.0,
      0.0
    ],
    [
      0.0,
      1.0,
      0.0,
      0.0
    ],
    [
      0.0,
      0.0,
      1.0,
      0.0
    ],
    [
      -4.852323055267334,
      0.059814453125,
      119.29761505126953,
      1.0
    ]
  ],
  "160": [
    [
      1.0,
      0.0,
      0.0,
      0.0
    ],
    [
      0.0,
      1.0,
      0.0,
      0.0
    ],
    [
      0.0,
      0.0,
      1.0,
      0.0
    ],
    [
      79.38999938964844,
      2.086376190185547,
      39.605533599853516,
      1.0
    ]
  ]
}