{
  "154": [
    [
      1.0,
      0.0,
      0.0,
      0.0
    ],
    [
      0.0,
      1.0,
      0.0,
      0.0
    ],
    [
      0.0,
      0.0,
      1.0,
      0.0
    ],
    [
      96.16999816894531,
      -0.3853566646575928,
      -175.4600067138672,
      1.0
    ]
  ],
  "58": [
    [
      -0.11060337722301483,
      0.0,
      0.9938646554946899,
      0.0
    ],
    [
      0.0,
      1.0,
      0.0,
      0.0
    ],
    [
      -0.9938646554946899,
      0.0,
      -0.11060337722301483,
      0.0
    ],
    [
      86.77999877929688,
      -0.45703125,
      -180.71475219726562,
      1.0
    ]
  ],
  "175": [
    [
      1.0,
      0.0,
      0.0,
      0.0
    ],
    [
      0.0,
      1.0,
      0.0,
      0.0
    ],
    [
      0.0,
      0.0,
      1.0,
      0.0
    ],
    [
      59.95000076293945,
      -0.1205187737941742,
      -152.35000610351562,
      1.0
    ]
  ],
  "105": [
    [
      1.0,
      0.0,
      0.0,
      0.0
    ],
    [
      0.0,
      1.0,
      0.0,
      0.0
    ],
    [
      0.0,
      0.0,
      1.0,
      0.0
    ],
    [
      60.32986068725586,
      -0.45703125,
      -165.05470275878906,
      1.0
    ]
  ],
  "37": [
    [
      1.0,
      0.0,
      0.0,
      0.0
    ],
    [
      0.0,
      1.0,
      0.0,
      0.0
    ],
    [
      0.0,
      0.0,
      1.0,
      0.0
    ],
    [
      9.38085651397705,
      -0.45191261172294617,
      -159.88392639160156,
      1.0
    ]
  ],
  "244": [
    [
      1.0,
      0.0,
      0.0,
      0.0
    ],
    [
      0.0,
      1.0,
      0.0,
      0.0
    ],
    [
      0.0,
      0.0,
      1.0,
      0.0
    ],
    [
      61.68000030517578,
      -0.1194159984588623,
      -152.49000549316406,
      1.0
    ]
  ],
  "170": [
    [
      1.0,
      0.0,
      0.0,
      0.0
    ],
    [
      0.0,
      1.0,
      0.0,
      0.0
    ],
    [
      0.0,
      0.0,
      1.0,
      0.0
    ],
    [
      64.45999908447266,
      -0.23046875,
      -153.74000549316406,
      1.0
    ]
  ],
  "118": [
    [
      1.0,
      0.0,
      0.0,
      0.0
    ],
    [
      0.0,
      1.0,
      0.0,
      0.0
    ],
    [
      0.0,
      0.0,
      1.0,
      0.0
    ],
    [
      -19.972854614257812,
      -0.11970123648643494,
      -139.71885681152344,
      1.0
    ]
  ],
  "87": [
    [
      -1.4999998807907104,
      0.0,
      -0.000575292098801583,
      0.0
    ],
    [
      0.0,
      1.5,
      0.0,
      0.0
    ],
    [
      0.000575292098801583,
      0.0,
      -1.4999998807907104,
      0.0
    ],
    [
      7.438318252563477,
      1.114532470703125,
      -151.05584716796875,
      1.0
    ]
  ],
  "153": [
    [
      1.0,
      0.0,
      0.0,
      0.0
    ],
    [
      0.0,
      1.0,
      0.0,
      0.0
    ],
    [
      0.0,
      0.0,
      1.0,
      0.0
    ],
    [
      62.209999084472656,
      -0.31697723269462585,
      -168.25999450683594,
      1.0
    ]
  ],
  "128": [
    [
      1.0,
      0.0,
      0.0,
      0.0
    ],
    [
      0.0,
      1.0,
      0.0,
      0.0
    ],
    [
      0.0,
      0.0,
      1.0,
      0.0
    ],
    [
      90.38999938964844,
      0.30487409234046936,
      -2.5299999713897705,
      1.0
    ]
  ],
  "227": [
    [
      1.0,
      0.0,
      0.0,
      0.0
    ],
    [
      0.0,
      1.0,
      0.0,
      0.0
    ],
    [
      0.0,
      0.0,
      1.0,
      0.0
    ],
    [
      -8.40999984741211,
      -0.22691011428833008,
      -155.9600067138672,
      1.0
    ]
  ],
  "31": [
    [
      1.0,
      0.0,
      0.0,
      0.0
    ],
    [
      0.0,
      1.0,
      0.0,
      0.0
    ],
    [
      0.0,
      0.0,
      1.0,
      0.0
    ],
    [
      37.80039596557617,
      -0.45514366030693054,
      -159.21987915039062,
      1.0
    ]
  ],
  "103": [
    [
      1.0,
      0.0,
      0.0,
      0.0
    ],
    [
      0.0,
      1.0,
      0.0,
      0.0
    ],
    [
      0.0,
      0.0,
      1.0,
      0.0
    ],
    [
      55.60454559326172,
      -0.21059460937976837,
      -161.25244140625,
      1.0
    ]
  ],
  "50": [
    [
      1.0,
      0.0,
      0.0,
      0.0
    ],
    [
      0.0,
      1.0,
      0.0,
      0.0
    ],
    [
      0.0,
      0.0,
      1.0,
      0.0
    ],
    [
      53.7400016784668,
      -0.599609375,
      -145.34727478027344,
      1.0
    ]
  ],
  "109": [
    [
      1.0,
      0.0,
      0.0,
      0.0
    ],
    [
      0.0,
      1.0,
      0.0,
      0.0
    ],
    [
      0.0,
      0.0,
      1.0,
      0.0
    ],
    [
      58.817195892333984,
      -0.473875492811203,
      -165.05470275878906,
      1.0
    ]
  ],
  "98": [
    [
      1.0,
      0.0,
      0.0,
      0.0
    ],
    [
      0.0,
      1.0,
      0.0,
      0.0
    ],
    [
      0.0,
      0.0,
      1.0,
      0.0
    ],
    [
      58.33331298828125,
      -0.4810839295387268,
      -164.813720703125,
      1.0
    ]
  ],
  "260": [
    [
      -1.522404670715332,
      0.0,
      1.297028660774231,
      0.0
    ],
    [
      0.0,
      2.0,
      0.0,
      0.0
    ],
    [
      -1.297028660774231,
      0.0,
      -1.522404670715332,
      0.0
    ],
    [
      91.42008209228516,
      5.16522216796875,
      -105.22116088867188,
      1.0
    ]
  ],
  "117": [
    [
      1.0,
      0.0,
      0.0,
      0.0
    ],
    [
      0.0,
      1.0,
      0.0,
      0.0
    ],
    [
      0.0,
      0.0,
      1.0,
      0.0
    ],
    [
      35.63999938964844,
      -0.12060546875,
      -163.17999267578125,
      1.0
    ]
  ],
  "257": [
    [
      -1.2835503816604614,
      0.0,
      -1.5337859392166138,
      0.0
    ],
    [
      0.0,
      2.0,
      0.0,
      0.0
    ],
    [
      1.5337859392166138,
      0.0,
      -1.2835503816604614,
      0.0
    ],
    [
      115.93766021728516,
      5.16522216796875,
      -112.9345474243164,
      1.0
    ]
  ],
  "132": [
    [
      -0.997262179851532,
      0.0,
      -0.07394701987504959,
      0.0
    ],
    [
      0.0,
      1.0,
      0.0,
      0.0
    ],
    [
      0.07394701987504959,
      0.0,
      -0.997262179851532,
      0.0
    ],
    [
      65.48999786376953,
      -0.45703125,
      -174.20086669921875,
      1.0
    ]
  ],
  "169": [
    [
      1.0,
      0.0,
      0.0,
      0.0
    ],
    [
      0.0,
      1.0,
      0.0,
      0.0
    ],
    [
      0.0,
      0.0,
      1.0,
      0.0
    ],
    [
      61.209999084472656,
      -0.22625428438186646,
      -150.6999969482422,
      1.0
    ]
  ],
  "248": [
    [
      2.0,
      0.0,
      0.0,
      0.0
    ],
    [
      0.0,
      2.0,
      0.0,
      0.0
    ],
    [
      0.0,
      0.0,
      2.0,
      0.0
    ],
    [
      107.3303451538086,
      5.16522216796875,
      -124.02257537841797,
      1.0
    ]
  ],
  "139": [
    [
      -0.7693485617637634,
      0.0,
      0.6388294696807861,
      0.0
    ],
    [
      0.0,
      1.0,
      0.0,
      0.0
    ],
    [
      -0.6388294696807861,
      0.0,
      -0.7693485617637634,
      0.0
    ],
    [
      72.22000122070312,
      -0.45670729875564575,
      -178.77870178222656,
      1.0
    ]
  ],
  "183": [
    [
      1.0,
      0.0,
      0.0,
      0.0
    ],
    [
      0.0,
      1.0,
      0.0,
      0.0
    ],
    [
      0.0,
      0.0,
      1.0,
      0.0
    ],
    [
      70.61000061035156,
      -0.12060546875,
      -179.14999389648438,
      1.0
    ]
  ],
  "171": [
    [
      1.0,
      0.0,
      0.0,
      0.0
    ],
    [
      0.0,
      1.0,
      0.0,
      0.0
    ],
    [
      0.0,
      0.0,
      1.0,
      0.0
    ],
    [
      63.02000045776367,
      -0.22730472683906555,
      -154.36000061035156,
      1.0
    ]
  ],
  "129": [
    [
      1.0,
      0.0,
      0.0,
      0.0
    ],
    [
      0.0,
      1.0,
      0.0,
      0.0
    ],
    [
      0.0,
      0.0,
      1.0,
      0.0
    ],
    [
      96.94999694824219,
      0.31782808899879456,
      -0.550000011920929,
      1.0
    ]
  ],
  "45": [
    [
      1.0,
      0.0,
      0.0,
      0.0
    ],
    [
      0.0,
      1.0,
      0.0,
      0.0
    ],
    [
      0.0,
      0.0,
      1.0,
      0.0
    ],
    [
      -15.870905876159668,
      -0.45703125,
      -150.36767578125,
      1.0
    ]
  ],
  "152": [
    [
      1.0,
      0.0,
      0.0,
      0.0
    ],
    [
      0.0,
      1.0,
      0.0,
      0.0
    ],
    [
      0.0,
      0.0,
      1.0,
      0.0
    ],
    [
      60.599998474121094,
      -0.3182373046875,
      -153.14999389648438,
      1.0
    ]
  ],
  "226": [
    [
      1.0,
      0.0,
      0.0,
      0.0
    ],
    [
      0.0,
      1.0,
      0.0,
      0.0
    ],
    [
      0.0,
      0.0,
      1.0,
      0.0
    ],
    [
      -8.699999809265137,
      -0.22526201605796814,
      -155.47000122070312,
      1.0
    ]
  ],
  "88": [
    [
      -1.4999998807907104,
      0.0,
      -0.000575292098801583,
      0.0
    ],
    [
      0.0,
      1.5,
      0.0,
      0.0
    ],
    [
      0.000575292098801583,
      0.0,
      -1.4999998807907104,
      0.0
    ],
    [
      7.016814708709717,
      1.114532470703125,
      -155.76902770996094,
      1.0
    ]
  ],
  "111": [
    [
      1.0,
      0.0,
      0.0,
      0.0
    ],
    [
      0.0,
      1.0,
      0.0,
      0.0
    ],
    [
      0.0,
      0.0,
      1.0,
      0.0
    ],
    [
      15.250137329101562,
      -0.12060546875,
      -163.0067596435547,
      1.0
    ]
  ],
  "43": [
    [
      1.0,
      0.0,
      0.0,
      0.0
    ],
    [
      0.0,
      1.0,
      0.0,
      0.0
    ],
    [
      0.0,
      0.0,
      1.0,
      0.0
    ],
    [
      -7.178905010223389,
      -0.45703125,
      -158.0855712890625,
      1.0
    ]
  ],
  "155": [
    [
      1.0,
      0.0,
      0.0,
      0.0
    ],
    [
      0.0,
      1.0,
      0.0,
      0.0
    ],
    [
      0.0,
      0.0,
      1.0,
      0.0
    ],
    [
      96.44000244140625,
      -0.3162178099155426,
      -179.3300018310547,
      1.0
    ]
  ],
  "160": [
    [
      1.0,
      0.0,
      0.0,
      0.0
    ],
    [
      0.0,
      1.0,
      0.0,
      0.0
    ],
    [
      0.0,
      0.0,
      1.0,
      0.0
    ],
    [
      63.34420394897461,
      -0.36875900626182556,
      -154.8444366455078,
      1.0
    ]
  ],
  "137": [
    [
      0.6100789904594421,
      0.0,
      0.7923405766487122,
      0.0
    ],
    [
      0.0,
      1.0,
      0.0,
      0.0
    ],
    [
      -0.7923405766487122,
      0.0,
      0.6100789904594421,
      0.0
    ],
    [
      88.58000183105469,
      -0.45310357213020325,
      -177.75381469726562,
      1.0
    ]
  ],
  "259": [
    [
      -1.9605162143707275,
      0.0,
      0.3954451084136963,
      0.0
    ],
    [
      0.0,
      2.0,
      0.0,
      0.0
    ],
    [
      -0.3954451084136963,
      0.0,
      -1.9605162143707275,
      0.0
    ],
    [
      91.00686645507812,
      5.16522216796875,
      -104.46359252929688,
      1.0
    ]
  ],
  "252": [
    [
      1.863490104675293,
      0.0,
      -0.7262260913848877,
      0.0
    ],
    [
      0.0,
      2.0,
      0.0,
      0.0
    ],
    [
      0.7262260913848877,
      0.0,
      1.863490104675293,
      0.0
    ],
    [
      135.84097290039062,
      5.16522216796875,
      -136.8323211669922,
      1.0
    ]
  ],
  "173": [
    [
      1.0,
      0.0,
      0.0,
      0.0
    ],
    [
      0.0,
      1.0,
      0.0,
      0.0
    ],
    [
      0.0,
      0.0,
      1.0,
      0.0
    ],
    [
      59.950103759765625,
      -0.12060546875,
      -158.76483154296875,
      1.0
    ]
  ],
  "49": [
    [
      1.0,
      0.0,
      0.0,
      0.0
    ],
    [
      0.0,
      1.0,
      0.0,
      0.0
    ],
    [
      0.0,
      0.0,
      1.0,
      0.0
    ],
    [
      54.8640022277832,
      -0.45703125,
      -155.7626953125,
      1.0
    ]
  ],
  "143": [
    [
      1.0,
      0.0,
      0.0,
      0.0
    ],
    [
      0.0,
      1.0,
      0.0,
      0.0
    ],
    [
      0.0,
      0.0,
      1.0,
      0.0
    ],
    [
      59.695518493652344,
      -0.45311418175697327,
      -163.981201171875,
      1.0
    ]
  ],
  "242": [
    [
      1.0,
      0.0,
      0.0,
      0.0
    ],
    [
      0.0,
      1.0,
      0.0,
      0.0
    ],
    [
      0.0,
      0.0,
      1.0,
      0.0
    ],
    [
      58.72999954223633,
      -0.11633160710334778,
      -151.97000122070312,
      1.0
    ]
  ],
  "168": [
    [
      1.0,
      0.0,
      0.0,
      0.0
    ],
    [
      0.0,
      1.0,
      0.0,
      0.0
    ],
    [
      0.0,
      0.0,
      1.0,
      0.0
    ],
    [
      67.54000091552734,
      -0.373046875,
      -145.05999755859375,
      1.0
    ]
  ],
  "247": [
    [
      -0.13268029689788818,
      0.0,
      -0.9911589026451111,
      0.0
    ],
    [
      0.0,
      1.0,
      0.0,
      0.0
    ],
    [
      0.9911589026451111,
      0.0,
      -0.13268029689788818,
      0.0
    ],
    [
      44.290000915527344,
      -0.45703125,
      -160.9423828125,
      1.0
    ]
  ],
  "116": [
    [
      3.0,
      0.0,
      0.0,
      0.0
    ],
    [
      0.0,
      3.0,
      0.0,
      0.0
    ],
    [
      0.0,
      0.0,
      3.0,
      0.0
    ],
    [
      57.70298767089844,
      -0.45703125,
      -155.0133514404297,
      1.0
    ]
  ],
  "222": [
    [
      -0.12963883578777313,
      0.0,
      -0.9915612936019897,
      0.0
    ],
    [
      0.0,
      1.0,
      0.0,
      0.0
    ],
    [
      0.9915612936019897,
      0.0,
      -0.12963883578777313,
      0.0
    ],
    [
      9.880000114440918,
      -0.599609375,
      -151.55535888671875,
      1.0
    ]
  ],
  "238": [
    [
      1.0,
      0.0,
      0.0,
      0.0
    ],
    [
      0.0,
      1.0,
      0.0,
      0.0
    ],
    [
      0.0,
      0.0,
      1.0,
      0.0
    ],
    [
      82.72000122070312,
      0.4428178369998932,
      3.621385335922241,
      1.0
    ]
  ],
  "145": [
    [
      1.0,
      0.0,
      0.0,
      0.0
    ],
    [
      0.0,
      1.0,
      0.0,
      0.0
    ],
    [
      0.0,
      0.0,
      1.0,
      0.0
    ],
    [
      85.60982513427734,
      -0.599609375,
      -174.50833129882812,
      1.0
    ]
  ],
  "221": [
    [
      1.0,
      0.0,
      0.0,
      0.0
    ],
    [
      0.0,
      1.0,
      0.0,
      0.0
    ],
    [
      0.0,
      0.0,
      1.0,
      0.0
    ],
    [
      -4.8845438957214355,
      -0.45703125,
      -159.92123413085938,
      1.0
    ]
  ],
  "176": [
    [
      2.0,
      0.0,
      0.0,
      0.0
    ],
    [
      0.0,
      3.0,
      0.0,
      0.0
    ],
    [
      0.0,
      0.0,
      3.0,
      0.0
    ],
    [
      60.38999938964844,
      -0.4533504843711853,
      -151.5000762939453,
      1.0
    ]
  ],
  "144": [
    [
      1.0,
      0.0,
      0.0,
      0.0
    ],
    [
      0.0,
      1.0,
      0.0,
      0.0
    ],
    [
      0.0,
      0.0,
      1.0,
      0.0
    ],
    [
      72.83289337158203,
      -0.45194104313850403,
      -176.3189697265625,
      1.0
    ]
  ],
  "123": [
    [
      1.0,
      0.0,
      0.0,
      0.0
    ],
    [
      0.0,
      1.0,
      0.0,
      0.0
    ],
    [
      0.0,
      0.0,
      1.0,
      0.0
    ],
    [
      91.68000030517578,
      -0.2274857759475708,
      -112.0,
      1.0
    ]
  ],
  "156": [
    [
      1.0,
      0.0,
      0.0,
      0.0
    ],
    [
      0.0,
      1.0,
      0.0,
      0.0
    ],
    [
      0.0,
      0.0,
      1.0,
      0.0
    ],
    [
      88.82113647460938,
      -0.4151359796524048,
      -175.60154724121094,
      1.0
    ]
  ],
  "48": [
    [
      1.0,
      0.0,
      0.0,
      0.0
    ],
    [
      0.0,
      1.0,
      0.0,
      0.0
    ],
    [
      0.0,
      0.0,
      1.0,
      0.0
    ],
    [
      49.61882781982422,
      -0.455078125,
      -153.96435546875,
      1.0
    ]
  ],
  "142": [
    [
      1.0,
      0.0,
      0.0,
      0.0
    ],
    [
      0.0,
      1.0,
      0.0,
      0.0
    ],
    [
      0.0,
      0.0,
      1.0,
      0.0
    ],
    [
      80.69036102294922,
      -0.45703125,
      -180.11105346679688,
      1.0
    ]
  ],
  "124": [
    [
      1.0,
      0.0,
      0.0,
      0.0
    ],
    [
      0.0,
      1.0,
      0.0,
      0.0
    ],
    [
      0.0,
      0.0,
      1.0,
      0.0
    ],
    [
      86.1500015258789,
      -0.27656322717666626,
      -90.5999984741211,
      1.0
    ]
  ],
  "235": [
    [
      1.0,
      0.0,
      0.0,
      0.0
    ],
    [
      0.0,
      1.0,
      0.0,
      0.0
    ],
    [
      0.0,
      0.0,
      1.0,
      0.0
    ],
    [
      88.25,
      0.6426333785057068,
      -2.619418144226074,
      1.0
    ]
  ],
  "251": [
    [
      -0.8474757075309753,
      0.0,
      1.8115696907043457,
      0.0
    ],
    [
      0.0,
      2.0,
      0.0,
      0.0
    ],
    [
      -1.8115696907043457,
      0.0,
      -0.8474757075309753,
      0.0
    ],
    [
      120.20756530761719,
      5.16522216796875,
      -139.44935607910156,
      1.0
    ]
  ],
  "134": [
    [
      0.03719059377908707,
      0.0,
      -0.9993082284927368,
      0.0
    ],
    [
      0.0,
      1.0,
      0.0,
      0.0
    ],
    [
      0.9993082284927368,
      0.0,
      0.03719059377908707,
      0.0
    ],
    [
      61.08000183105469,
      -0.45703125,
      -161.66307067871094,
      1.0
    ]
  ],
  "162": [
    [
      1.0,
      0.0,
      0.0,
      0.0
    ],
    [
      0.0,
      1.0,
      0.0,
      0.0
    ],
    [
      0.0,
      0.0,
      1.0,
      0.0
    ],
    [
      80.9000015258789,
      -0.22470733523368835,
      -177.99000549316406,
      1.0
    ]
  ],
  "42": [
    [
      1.0,
      0.0,
      0.0,
      0.0
    ],
    [
      0.0,
      1.0,
      0.0,
      0.0
    ],
    [
      0.0,
      0.0,
      1.0,
      0.0
    ],
    [
      -3.357421398162842,
      -0.453935444355011,
      -157.56105041503906,
      1.0
    ]
  ],
  "108": [
    [
      0.03719059377908707,
      0.0,
      -0.9993082284927368,
      0.0
    ],
    [
      0.0,
      1.0,
      0.0,
      0.0
    ],
    [
      0.9993082284927368,
      0.0,
      0.03719059377908707,
      0.0
    ],
    [
      63.13999938964844,
      -0.45385122299194336,
      -167.21873474121094,
      1.0
    ]
  ],
  "113": [
    [
      1.0,
      0.0,
      0.0,
      0.0
    ],
    [
      0.0,
      1.0,
      0.0,
      0.0
    ],
    [
      0.0,
      0.0,
      1.0,
      0.0
    ],
    [
      -8.942862510681152,
      -0.11924952268600464,
      -156.12625122070312,
      1.0
    ]
  ],
  "165": [
    [
      1.0,
      0.0,
      0.0,
      0.0
    ],
    [
      0.0,
      1.0,
      0.0,
      0.0
    ],
    [
      0.0,
      0.0,
      1.0,
      0.0
    ],
    [
      60.849998474121094,
      -0.23046875,
      -167.1300048828125,
      1.0
    ]
  ],
  "181": [
    [
      1.0,
      0.0,
      0.0,
      0.0
    ],
    [
      0.0,
      1.0,
      0.0,
      0.0
    ],
    [
      0.0,
      0.0,
      1.0,
      0.0
    ],
    [
      77.51000213623047,
      -0.11865234375,
      -175.8699951171875,
      1.0
    ]
  ],
  "44": [
    [
      1.0,
      0.0,
      0.0,
      0.0
    ],
    [
      0.0,
      1.0,
      0.0,
      0.0
    ],
    [
      0.0,
      0.0,
      1.0,
      0.0
    ],
    [
      -10.850525856018066,
      -0.45209023356437683,
      -154.03929138183594,
      1.0
    ]
  ],
  "131": [
    [
      -0.7693485617637634,
      0.0,
      0.6388294696807861,
      0.0
    ],
    [
      0.0,
      1.0,
      0.0,
      0.0
    ],
    [
      -0.6388294696807861,
      0.0,
      -0.7693485617637634,
      0.0
    ],
    [
      74.54000091552734,
      -0.45703125,
      -179.83775329589844,
      1.0
    ]
  ],
  "159": [
    [
      1.0,
      0.0,
      0.0,
      0.0
    ],
    [
      0.0,
      1.0,
      0.0,
      0.0
    ],
    [
      0.0,
      0.0,
      1.0,
      0.0
    ],
    [
      72.52542114257812,
      -0.3704979419708252,
      -174.4741668701172,
      1.0
    ]
  ],
  "254": [
    [
      -1.4442564249038696,
      0.0,
      -1.3835188150405884,
      0.0
    ],
    [
      0.0,
      2.0,
      0.0,
      0.0
    ],
    [
      1.3835188150405884,
      0.0,
      -1.4442564249038696,
      0.0
    ],
    [
      127.3011474609375,
      5.16522216796875,
      -122.8517837524414,
      1.0
    ]
  ],
  "125": [
    [
      1.0,
      0.0,
      0.0,
      0.0
    ],
    [
      0.0,
      1.0,
      0.0,
      0.0
    ],
    [
      0.0,
      0.0,
      1.0,
      0.0
    ],
    [
      110.30999755859375,
      -0.17213961482048035,
      -55.959999084472656,
      1.0
    ]
  ],
  "115": [
    [
      1.0,
      0.0,
      0.0,
      0.0
    ],
    [
      0.0,
      1.0,
      0.0,
      0.0
    ],
    [
      0.0,
      0.0,
      1.0,
      0.0
    ],
    [
      -18.06999969482422,
      -0.11489152908325195,
      -133.97000122070312,
      1.0
    ]
  ],
  "99": [
    [
      1.0,
      0.0,
      0.0,
      0.0
    ],
    [
      0.0,
      1.0,
      0.0,
      0.0
    ],
    [
      0.0,
      0.0,
      1.0,
      0.0
    ],
    [
      53.338279724121094,
      -0.089008629322052,
      -159.77243041992188,
      1.0
    ]
  ],
  "178": [
    [
      1.0,
      0.0,
      0.0,
      0.0
    ],
    [
      0.0,
      1.0,
      0.0,
      0.0
    ],
    [
      0.0,
      0.0,
      1.0,
      0.0
    ],
    [
      84.3499984741211,
      -0.26318359375,
      -174.02999877929688,
      1.0
    ]
  ],
  "122": [
    [
      1.0,
      0.0,
      0.0,
      0.0
    ],
    [
      0.0,
      1.0,
      0.0,
      0.0
    ],
    [
      0.0,
      0.0,
      1.0,
      0.0
    ],
    [
      90.08000183105469,
      -0.253081738948822,
      -110.83000183105469,
      1.0
    ]
  ],
  "164": [
    [
      1.0,
      0.0,
      0.0,
      0.0
    ],
    [
      0.0,
      1.0,
      0.0,
      0.0
    ],
    [
      0.0,
      0.0,
      1.0,
      0.0
    ],
    [
      69.5199966430664,
      -0.22709378600120544,
      -174.1999969482422,
      1.0
    ]
  ],
  "224": [
    [
      -0.39716190099716187,
      0.0,
      0.9177485108375549,
      0.0
    ],
    [
      0.0,
      1.0,
      0.0,
      0.0
    ],
    [
      -0.9177485108375549,
      0.0,
      -0.39716190099716187,
      0.0
    ],
    [
      -11.979999542236328,
      -0.4612080454826355,
      -148.9568634033203,
      1.0
    ]
  ],
  "147": [
    [
      1.0,
      0.0,
      0.0,
      0.0
    ],
    [
      0.0,
      1.0,
      0.0,
      0.0
    ],
    [
      0.0,
      0.0,
      1.0,
      0.0
    ],
    [
      76.66000366210938,
      -0.31427690386772156,
      -176.8699951171875,
      1.0
    ]
  ],
  "233": [
    [
      1.0,
      0.0,
      0.0,
      0.0
    ],
    [
      0.0,
      1.0,
      0.0,
      0.0
    ],
    [
      0.0,
      0.0,
      1.0,
      0.0
    ],
    [
      89.13999938964844,
      0.3705901503562927,
      -2.1700000762939453,
      1.0
    ]
  ],
  "230": [
    [
      -0.3205919563770294,
      0.0,
      -0.9472174048423767,
      0.0
    ],
    [
      0.0,
      1.0,
      0.0,
      0.0
    ],
    [
      0.9472174048423767,
      0.0,
      -0.3205919563770294,
      0.0
    ],
    [
      2.049999952316284,
      -0.5725046992301941,
      -150.33587646484375,
      1.0
    ]
  ],
  "51": [
    [
      1.0,
      0.0,
      0.0,
      0.0
    ],
    [
      0.0,
      1.0,
      0.0,
      0.0
    ],
    [
      0.0,
      0.0,
      1.0,
      0.0
    ],
    [
      47.97034454345703,
      -0.548981249332428,
      -147.2954864501953,
      1.0
    ]
  ],
  "102": [
    [
      1.0,
      0.0,
      0.0,
      0.0
    ],
    [
      0.0,
      1.0,
      0.0,
      0.0
    ],
    [
      0.0,
      0.0,
      1.0,
      0.0
    ],
    [
      55.83579635620117,
      -0.30880239605903625,
      -162.96371459960938,
      1.0
    ]
  ],
  "218": [
    [
      -0.997262179851532,
      0.0,
      -0.07394701987504959,
      0.0
    ],
    [
      0.0,
      1.0,
      0.0,
      0.0
    ],
    [
      0.07394701987504959,
      0.0,
      -0.997262179851532,
      0.0
    ],
    [
      34.220001220703125,
      -0.455078125,
      -158.71705627441406,
      1.0
    ]
  ],
  "104": [
    [
      1.0,
      0.0,
      0.0,
      0.0
    ],
    [
      0.0,
      1.0,
      0.0,
      0.0
    ],
    [
      0.0,
      0.0,
      1.0,
      0.0
    ],
    [
      57.82455825805664,
      -0.32222065329551697,
      -163.2412109375,
      1.0
    ]
  ],
  "234": [
    [
      1.0,
      0.0,
      0.0,
      0.0
    ],
    [
      0.0,
      1.0,
      0.0,
      0.0
    ],
    [
      0.0,
      0.0,
      1.0,
      0.0
    ],
    [
      87.54000091552734,
      0.8513712286949158,
      -2.5299999713897705,
      1.0
    ]
  ],
  "271": [
    [
      1.0,
      0.0,
      0.0,
      0.0
    ],
    [
      0.0,
      1.0,
      0.0,
      0.0
    ],
    [
      0.0,
      0.0,
      1.0,
      0.0
    ],
    [
      1.9385968446731567,
      1.6199886798858643,
      -32.1778564453125,
      1.0
    ]
  ],
  "36": [
    [
      1.0,
      0.0,
      0.0,
      0.0
    ],
    [
      0.0,
      1.0,
      0.0,
      0.0
    ],
    [
      0.0,
      0.0,
      1.0,
      0.0
    ],
    [
      12.827685356140137,
      -0.45703125,
      -161.53240966796875,
      1.0
    ]
  ],
  "163": [
    [
      1.0,
      0.0,
      0.0,
      0.0
    ],
    [
      0.0,
      1.0,
      0.0,
      0.0
    ],
    [
      0.0,
      0.0,
      1.0,
      0.0
    ],
    [
      67.83999633789062,
      -0.24867433309555054,
      -169.69000244140625,
      1.0
    ]
  ],
  "177": [
    [
      1.0,
      0.0,
      0.0,
      0.0
    ],
    [
      0.0,
      1.0,
      0.0,
      0.0
    ],
    [
      0.0,
      0.0,
      1.0,
      0.0
    ],
    [
      64.37999725341797,
      -0.11963102221488953,
      -164.80999755859375,
      1.0
    ]
  ],
  "46": [
    [
      1.0,
      0.0,
      0.0,
      0.0
    ],
    [
      0.0,
      1.0,
      0.0,
      0.0
    ],
    [
      0.0,
      0.0,
      1.0,
      0.0
    ],
    [
      -0.4000000059604645,
      1.6158447265625,
      -100.869384765625,
      1.0
    ]
  ],
  "34": [
    [
      1.0,
      0.0,
      0.0,
      0.0
    ],
    [
      0.0,
      1.0,
      0.0,
      0.0
    ],
    [
      0.0,
      0.0,
      1.0,
      0.0
    ],
    [
      20.545583724975586,
      -0.4569150507450104,
      -161.9070587158203,
      1.0
    ]
  ],
  "250": [
    [
      -1.6487449407577515,
      0.0,
      1.1320960521697998,
      0.0
    ],
    [
      0.0,
      2.0,
      0.0,
      0.0
    ],
    [
      -1.1320960521697998,
      0.0,
      -1.6487449407577515,
      0.0
    ],
    [
      116.97069549560547,
      5.16522216796875,
      -132.90675354003906,
      1.0
    ]
  ],
  "127": [
    [
      1.0,
      0.0,
      0.0,
      0.0
    ],
    [
      0.0,
      1.0,
      0.0,
      0.0
    ],
    [
      0.0,
      0.0,
      1.0,
      0.0
    ],
    [
      95.16999816894531,
      0.24967890977859497,
      -0.07000000029802322,
      1.0
    ]
  ],
  "135": [
    [
      0.6100789904594421,
      0.0,
      0.7923405766487122,
      0.0
    ],
    [
      0.0,
      1.0,
      0.0,
      0.0
    ],
    [
      -0.7923405766487122,
      0.0,
      0.6100789904594421,
      0.0
    ],
    [
      63.849998474121094,
      -0.4535282552242279,
      -161.35560607910156,
      1.0
    ]
  ],
  "228": [
    [
      1.0,
      0.0,
      0.0,
      0.0
    ],
    [
      0.0,
      1.0,
      0.0,
      0.0
    ],
    [
      0.0,
      0.0,
      1.0,
      0.0
    ],
    [
      -8.40999984741211,
      -0.3168521821498871,
      -156.4499969482422,
      1.0
    ]
  ],
  "32": [
    [
      1.0,
      0.0,
      0.0,
      0.0
    ],
    [
      0.0,
      1.0,
      0.0,
      0.0
    ],
    [
      0.0,
      0.0,
      1.0,
      0.0
    ],
    [
      31.560447692871094,
      -0.456045925617218,
      -161.68226623535156,
      1.0
    ]
  ],
  "243": [
    [
      1.0,
      0.0,
      0.0,
      0.0
    ],
    [
      0.0,
      1.0,
      0.0,
      0.0
    ],
    [
      0.0,
      0.0,
      1.0,
      0.0
    ],
    [
      62.0099983215332,
      -0.11899808049201965,
      -153.72999572753906,
      1.0
    ]
  ],
  "53": [
    [
      1.0,
      0.0,
      0.0,
      0.0
    ],
    [
      0.0,
      1.0,
      0.0,
      0.0
    ],
    [
      0.0,
      0.0,
      1.0,
      0.0
    ],
    [
      44.223793029785156,
      -0.5829675197601318,
      -149.24368286132812,
      1.0
    ]
  ],
  "100": [
    [
      1.0,
      0.0,
      0.0,
      0.0
    ],
    [
      0.0,
      1.0,
      0.0,
      0.0
    ],
    [
      0.0,
      0.0,
      1.0,
      0.0
    ],
    [
      53.8470344543457,
      -0.17149147391319275,
      -161.29869079589844,
      1.0
    ]
  ],
  "61": [
    [
      3.0,
      0.0,
      0.0,
      0.0
    ],
    [
      0.0,
      3.0,
      0.0,
      0.0
    ],
    [
      0.0,
      0.0,
      3.0,
      0.0
    ],
    [
      59.849998474121094,
      -0.46040505170822144,
      -166.28515625,
      1.0
    ]
  ],
  "120": [
    [
      1.0,
      0.0,
      0.0,
      0.0
    ],
    [
      0.0,
      1.0,
      0.0,
      0.0
    ],
    [
      0.0,
      0.0,
      1.0,
      0.0
    ],
    [
      120.3499984741211,
      -0.3467993140220642,
      -122.33000183105469,
      1.0
    ]
  ],
  "166": [
    [
      1.0,
      0.0,
      0.0,
      0.0
    ],
    [
      0.0,
      1.0,
      0.0,
      0.0
    ],
    [
      0.0,
      0.0,
      1.0,
      0.0
    ],
    [
      63.08000183105469,
      -0.2280774712562561,
      -150.9600067138672,
      1.0
    ]
  ],
  "38": [
    [
      1.0,
      0.0,
      0.0,
      0.0
    ],
    [
      0.0,
      1.0,
      0.0,
      0.0
    ],
    [
      0.0,
      0.0,
      1.0,
      0.0
    ],
    [
      7.730000019073486,
      -0.4558223485946655,
      -157.56105041503906,
      1.0
    ]
  ],
  "110": [
    [
      1.0,
      0.0,
      0.0,
      0.0
    ],
    [
      0.0,
      1.0,
      0.0,
      0.0
    ],
    [
      0.0,
      0.0,
      1.0,
      0.0
    ],
    [
      13.987799644470215,
      -0.12060546875,
      -162.70127868652344,
      1.0
    ]
  ],
  "220": [
    [
      0.26412466168403625,
      0.0,
      -0.9644886255264282,
      0.0
    ],
    [
      0.0,
      1.0,
      0.0,
      0.0
    ],
    [
      0.9644886255264282,
      0.0,
      0.26412466168403625,
      0.0
    ],
    [
      20.280000686645508,
      -0.4555090665817261,
      -159.66770935058594,
      1.0
    ]
  ],
  "236": [
    [
      1.0,
      0.0,
      0.0,
      0.0
    ],
    [
      0.0,
      1.0,
      0.0,
      0.0
    ],
    [
      0.0,
      0.0,
      1.0,
      0.0
    ],
    [
      82.80999755859375,
      0.6677610278129578,
      2.6406874656677246,
      1.0
    ]
  ],
  "158": [
    [
      1.0,
      0.0,
      0.0,
      0.0
    ],
    [
      0.0,
      1.0,
      0.0,
      0.0
    ],
    [
      0.0,
      0.0,
      1.0,
      0.0
    ],
    [
      77.85484313964844,
      -0.4990276098251343,
      -169.110595703125,
      1.0
    ]
  ],
  "161": [
    [
      1.0,
      0.0,
      0.0,
      0.0
    ],
    [
      0.0,
      1.0,
      0.0,
      0.0
    ],
    [
      0.0,
      0.0,
      1.0,
      0.0
    ],
    [
      83.1500015258789,
      -0.33508872985839844,
      -169.4499969482422,
      1.0
    ]
  ],
  "182": [
    [
      1.0,
      0.0,
      0.0,
      0.0
    ],
    [
      0.0,
      1.0,
      0.0,
      0.0
    ],
    [
      0.0,
      0.0,
      1.0,
      0.0
    ],
    [
      78.2300033569336,
      -0.12060546875,
      -180.8300018310547,
      1.0
    ]
  ],
  "219": [
    [
      -0.666714072227478,
      0.0,
      -0.7453135848045349,
      0.0
    ],
    [
      0.0,
      1.0,
      0.0,
      0.0
    ],
    [
      0.7453135848045349,
      0.0,
      -0.666714072227478,
      0.0
    ],
    [
      42.900001525878906,
      -0.455078125,
      -156.75233459472656,
      1.0
    ]
  ],
  "106": [
    [
      -0.3419399559497833,
      0.0,
      -0.9397217631340027,
      0.0
    ],
    [
      0.0,
      1.0,
      0.0,
      0.0
    ],
    [
      0.9397217631340027,
      0.0,
      -0.3419399559497833,
      0.0
    ],
    [
      85.5,
      2.561115026473999,
      -2.548553705215454,
      1.0
    ]
  ],
  "225": [
    [
      1.0,
      0.0,
      0.0,
      0.0
    ],
    [
      0.0,
      1.0,
      0.0,
      0.0
    ],
    [
      0.0,
      0.0,
      1.0,
      0.0
    ],
    [
      -10.14490032196045,
      -0.4567412734031677,
      -155.67491149902344,
      1.0
    ]
  ],
  "121": [
    [
      1.0,
      0.0,
      0.0,
      0.0
    ],
    [
      0.0,
      1.0,
      0.0,
      0.0
    ],
    [
      0.0,
      0.0,
      1.0,
      0.0
    ],
    [
      112.77999877929688,
      -0.262934148311615,
      -115.48999786376953,
      1.0
    ]
  ],
  "40": [
    [
      1.0,
      0.0,
      0.0,
      0.0
    ],
    [
      0.0,
      1.0,
      0.0,
      0.0
    ],
    [
      0.0,
      0.0,
      1.0,
      0.0
    ],
    [
      1.9626829624176025,
      -0.4524140954017639,
      -159.13461303710938,
      1.0
    ]
  ],
  "126": [
    [
      1.0,
      0.0,
      0.0,
      0.0
    ],
    [
      0.0,
      1.0,
      0.0,
      0.0
    ],
    [
      0.0,
      0.0,
      1.0,
      0.0
    ],
    [
      105.6500015258789,
      0.24930785596370697,
      -44.17204284667969,
      1.0
    ]
  ],
  "240": [
    [
      -0.9646909236907959,
      0.0,
      0.26338475942611694,
      0.0
    ],
    [
      0.0,
      1.0,
      0.0,
      0.0
    ],
    [
      -0.26338475942611694,
      0.0,
      -0.9646909236907959,
      0.0
    ],
    [
      89.48999786376953,
      0.1510656327009201,
      -2.447477340698242,
      1.0
    ]
  ],
  "59": [
    [
      1.0,
      0.0,
      0.0,
      0.0
    ],
    [
      0.0,
      1.0,
      0.0,
      0.0
    ],
    [
      0.0,
      0.0,
      1.0,
      0.0
    ],
    [
      89.4800033569336,
      -0.12060546875,
      -179.88999938964844,
      1.0
    ]
  ],
  "237": [
    [
      1.0,
      0.0,
      0.0,
      0.0
    ],
    [
      0.0,
      1.0,
      0.0,
      0.0
    ],
    [
      0.0,
      0.0,
      1.0,
      0.0
    ],
    [
      82.01000213623047,
      0.47969698905944824,
      4.423774242401123,
      1.0
    ]
  ],
  "157": [
    [
      1.0,
      0.0,
      0.0,
      0.0
    ],
    [
      0.0,
      1.0,
      0.0,
      0.0
    ],
    [
      0.0,
      0.0,
      1.0,
      0.0
    ],
    [
      85.64398193359375,
      -0.4971950650215149,
      -169.72552490234375,
      1.0
    ]
  ],
  "107": [
    [
      0.3894049823284149,
      0.0,
      0.9210667014122009,
      0.0
    ],
    [
      0.0,
      1.0,
      0.0,
      0.0
    ],
    [
      -0.9210667014122009,
      0.0,
      0.3894049823284149,
      0.0
    ],
    [
      61.43000030517578,
      -0.45703125,
      -164.90621948242188,
      1.0
    ]
  ],
  "140": [
    [
      1.0,
      0.0,
      0.0,
      0.0
    ],
    [
      0.0,
      1.0,
      0.0,
      0.0
    ],
    [
      0.0,
      0.0,
      1.0,
      0.0
    ],
    [
      68.28922271728516,
      -0.455078125,
      -171.36534118652344,
      1.0
    ]
  ],
  "86": [
    [
      1.5,
      0.0,
      0.0,
      0.0
    ],
    [
      0.0,
      1.099853515625,
      0.0,
      0.0
    ],
    [
      0.0,
      0.0,
      1.2998046875,
      0.0
    ],
    [
      7.018424034118652,
      -0.061055928468704224,
      -155.80734252929688,
      1.0
    ]
  ],
  "119": [
    [
      1.0,
      0.0,
      0.0,
      0.0
    ],
    [
      0.0,
      1.0,
      0.0,
      0.0
    ],
    [
      0.0,
      0.0,
      1.0,
      0.0
    ],
    [
      -14.58752155303955,
      -0.12060546875,
      -119.63302612304688,
      1.0
    ]
  ],
  "255": [
    [
      0.4149733781814575,
      0.0,
      -1.9564757347106934,
      0.0
    ],
    [
      0.0,
      2.0,
      0.0,
      0.0
    ],
    [
      1.9564757347106934,
      0.0,
      0.4149733781814575,
      0.0
    ],
    [
      126.6124496459961,
      5.16522216796875,
      -121.26777648925781,
      1.0
    ]
  ],
  "85": [
    [
      1.5,
      0.0,
      0.0,
      0.0
    ],
    [
      0.0,
      1.099853515625,
      0.0,
      0.0
    ],
    [
      0.0,
      0.0,
      1.2998046875,
      0.0
    ],
    [
      7.478246688842773,
      -0.05121210962533951,
      -151.0941619873047,
      1.0
    ]
  ],
  "167": [
    [
      1.0,
      0.0,
      0.0,
      0.0
    ],
    [
      0.0,
      1.0,
      0.0,
      0.0
    ],
    [
      0.0,
      0.0,
      1.0,
      0.0
    ],
    [
      65.20999908447266,
      -0.30769670009613037,
      -151.0399932861328,
      1.0
    ]
  ],
  "272": [
    [
      1.0,
      0.0,
      0.0,
      0.0
    ],
    [
      0.0,
      1.0,
      0.0,
      0.0
    ],
    [
      0.0,
      0.0,
      1.0,
      0.0
    ],
    [
      -2.615772247314453,
      -0.2294188141822815,
      -38.05066680908203,
      1.0
    ]
  ],
  "146": [
    [
      1.0,
      0.0,
      0.0,
      0.0
    ],
    [
      0.0,
      1.0,
      0.0,
      0.0
    ],
    [
      0.0,
      0.0,
      1.0,
      0.0
    ],
    [
      79.32384490966797,
      -0.5399762392044067,
      -174.74746704101562,
      1.0
    ]
  ],
  "174": [
    [
      1.0,
      0.0,
      0.0,
      0.0
    ],
    [
      0.0,
      1.0,
      0.0,
      0.0
    ],
    [
      0.0,
      0.0,
      1.0,
      0.0
    ],
    [
      66.81999969482422,
      -0.11865234375,
      -170.10000610351562,
      1.0
    ]
  ],
  "150": [
    [
      1.0,
      0.0,
      0.0,
      0.0
    ],
    [
      0.0,
      1.0,
      0.0,
      0.0
    ],
    [
      0.0,
      0.0,
      1.0,
      0.0
    ],
    [
      91.58999633789062,
      -0.31777986884117126,
      -176.49000549316406,
      1.0
    ]
  ],
  "57": [
    [
      1.0,
      0.0,
      0.0,
      0.0
    ],
    [
      0.0,
      1.0,
      0.0,
      0.0
    ],
    [
      0.0,
      0.0,
      1.0,
      0.0
    ],
    [
      87.45999908447266,
      -0.23046875,
      -180.1199951171875,
      1.0
    ]
  ],
  "256": [
    [
      -0.36457139253616333,
      0.0,
      -1.9664912223815918,
      0.0
    ],
    [
      0.0,
      2.0,
      0.0,
      0.0
    ],
    [
      1.9664912223815918,
      0.0,
      -0.36457139253616333,
      0.0
    ],
    [
      116.76409912109375,
      5.16522216796875,
      -114.5185546875,
      1.0
    ]
  ],
  "249": [
    [
      0.30256208777427673,
      0.0,
      1.9769816398620605,
      0.0
    ],
    [
      0.0,
      2.0,
      0.0,
      0.0
    ],
    [
      -1.9769816398620605,
      0.0,
      0.30256208777427673,
      0.0
    ],
    [
      111.52999877929688,
      5.16522216796875,
      -128.0170135498047,
      1.0
    ]
  ],
  "138": [
    [
      -0.11060337722301483,
      0.0,
      0.9938646554946899,
      0.0
    ],
    [
      0.0,
      1.0,
      0.0,
      0.0
    ],
    [
      -0.9938646554946899,
      0.0,
      -0.11060337722301483,
      0.0
    ],
    [
      79.12000274658203,
      -0.45450931787490845,
      -176.79725646972656,
      1.0
    ]
  ],
  "133": [
    [
      -0.666714072227478,
      0.0,
      -0.7453135848045349,
      0.0
    ],
    [
      0.0,
      1.0,
      0.0,
      0.0
    ],
    [
      0.7453135848045349,
      0.0,
      -0.666714072227478,
      0.0
    ],
    [
      66.16999816894531,
      -0.455078125,
      -167.57325744628906,
      1.0
    ]
  ],
  "261": [
    [
      -1.9851462841033936,
      0.0,
      0.2432987540960312,
      0.0
    ],
    [
      0.0,
      2.0,
