{
  "99": [
    [
      1.0,
      0.0,
      0.0,
      0.0
    ],
    [
      0.0,
      0.9817373156547546,
      0.0,
      0.0
    ],
    [
      0.0,
      0.0,
      1.0,
      0.0
    ],
    [
      -222.74000549316406,
      -27.651351928710938,
      149.7115936279297,
      1.0
    ]
  ],
  "209": [
    [
      0.00038352806586772203,
      0.0,
      -0.9999999403953552,
      0.0
    ],
    [
      0.0,
      3.0,
      0.0,
      0.0
    ],
    [
      0.9999999403953552,
      0.0,
      0.00038352806586772203,
      0.0
    ],
    [
      -147.79507446289062,
      -19.144548416137695,
      -4.858107089996338,
      1.0
    ]
  ],
  "218": [
    [
      0.0007670561317354441,
      0.0,
      -1.9999998807907104,
      0.0
    ],
    [
      0.0,
      6.0,
      0.0,
      0.0
    ],
    [
      1.9999998807907104,
      0.0,
      0.0007670561317354441,
      0.0
    ],
    [
      -164.0886993408203,
      -13.10714340209961,
      -30.443416595458984,
      1.0
    ]
  ],
  "103": [
    [
      -0.4998893141746521,
      0.0,
      -0.8660894632339478,
      0.0
    ],
    [
      0.0,
      1.0,
      0.0,
      0.0
    ],
    [
      0.8660894632339478,
      0.0,
      -0.4998893141746521,
      0.0
    ],
    [
      -306.8352355957031,
      -10.655029296875,
      137.37493896484375,
      1.0
    ]
  ],
  "122": [
    [
      -0.8658974766731262,
      0.0,
      -0.5002213716506958,
      0.0
    ],
    [
      0.0,
      0.9481629133224487,
      0.0,
      0.0
    ],
    [
      0.5002213716506958,
      0.0,
      -0.8658974766731262,
      0.0
    ],
    [
      -151.57000732421875,
      -11.199134826660156,
      -37.54163360595703,
      1.0
    ]
  ],
  "199": [
    [
      -1.7998046875,
      -0.0,
      -0.0,
      -0.0
    ],
    [
      0.0,
      1.199951171875,
      0.0,
      0.0
    ],
    [
      0.0,
      0.0,
      1.599853515625,
      0.0
    ],
    [
      -137.67434692382812,
      -22.591102600097656,
      3.468979835510254,
      1.0
    ]
  ],
  "188": [
    [
      -0.7068356275558472,
      0.0,
      -0.7073780298233032,
      0.0
    ],
    [
      0.0,
      0.8723880648612976,
      0.0,
      0.0
    ],
    [
      0.7073780298233032,
      0.0,
      -0.7068356275558472,
      0.0
    ],
    [
      -148.7180633544922,
      -25.594545364379883,
      14.274514198303223,
      1.0
    ]
  ],
  "207": [
    [
      0.9397217631340027,
      0.0,
      -0.3419400751590729,
      0.0
    ],
    [
      0.0,
      2.0,
      0.0,
      0.0
    ],
    [
      0.3419400751590729,
      0.0,
      0.9397217631340027,
      0.0
    ],
    [
      -147.8021697998047,
      -18.708738327026367,
      -8.475335121154785,
      1.0
    ]
  ],
  "151": [
    [
      0.00038352806586772203,
      0.0,
      -0.9999999403953552,
      0.0
    ],
    [
      0.0,
      1.0,
      0.0,
      0.0
    ],
    [
      0.9999999403953552,
      0.0,
      0.00038352806586772203,
      0.0
    ],
    [
      -298.9560546875,
      -12.624549865722656,
      61.80245590209961,
      1.0
    ]
  ],
  "146": [
    [
      1.450161337852478,
      0.0,
      -0.6756947636604309,
      0.0
    ],
    [
      0.2310471087694168,
      1.5034171342849731,
      0.4958682656288147,
      0.0
    ],
    [
      0.6349650621414185,
      -0.5470539927482605,
      1.362748146057129,
      0.0
    ],
    [
      -143.0679473876953,
      -29.06329345703125,
      129.95025634765625,
      1.0
    ]
  ],
  "159": [
    [
      0.9064338803291321,
      0.0,
      -0.42234790325164795,
      0.0
    ],
    [
      0.0,
      1.0,
      0.0,
      0.0
    ],
    [
      0.42234790325164795,
      0.0,
      0.9064338803291321,
      0.0
    ],
    [
      -246.7100067138672,
      -10.776944160461426,
      -5.019279479980469,
      1.0
    ]
  ],
  "184": [
    [
      1.4147560596466064,
      0.0,
      -1.4136711359024048,
      0.0
    ],
    [
      0.48339080810546875,
      1.8794435262680054,
      0.4837617874145508,
      0.0
    ],
    [
      1.3284574747085571,
      -0.6838801503181458,
      1.3294769525527954,
      0.0
    ],
    [
      -195.17990112304688,
      -30.037979125976562,
      144.39540100097656,
      1.0
    ]
  ],
  "165": [
    [
      2.0,
      0.0,
      0.0,
      0.0
    ],
    [
      0.0,
      1.8794435262680054,
      0.6838801503181458,
      0.0
    ],
    [
      0.0,
      -0.6838801503181458,
      1.8794435262680054,
      0.0
    ],
    [
      -163.5457000732422,
      -29.588699340820312,
      135.39962768554688,
      1.0
    ]
  ],
  "44": [
    [
      1.5,
      0.0,
      0.0,
      0.0
    ],
    [
      0.0,
      1.099853515625,
      0.0,
      0.0
    ],
    [
      0.0,
      0.0,
      1.2998046875,
      0.0
    ],
    [
      -286.1399230957031,
      -9.269582748413086,
      27.901134490966797,
      1.0
    ]
  ],
  "219": [
    [
      0.0007670561317354441,
      0.0,
      -1.9999998807907104,
      0.0
    ],
    [
      0.0,
      6.0,
      0.0,
      0.0
    ],
    [
      1.9999998807907104,
      0.0,
      0.0007670561317354441,
      0.0
    ],
    [
      -169.83999633789062,
      -13.10714340209961,
      -31.26482582092285,
      1.0
    ]
  ],
  "175": [
    [
      2.0,
      0.0,
      0.0,
      0.0
    ],
    [
      0.0,
      1.8794435262680054,
      0.6838801503181458,
      0.0
    ],
    [
      0.0,
      -0.6838801503181458,
      1.8794435262680054,
      0.0
    ],
    [
      -171.8300018310547,
      -29.502166748046875,
      134.2920379638672,
      1.0
    ]
  ],
  "148": [
    [
      -0.9395905137062073,
      0.0,
      -0.3423004746437073,
      0.0
    ],
    [
      0.0,
      1.0,
      0.0,
      0.0
    ],
    [
      0.3423004746437073,
      0.0,
      -0.9395905137062073,
      0.0
    ],
    [
      -290.5799865722656,
      -17.851394653320312,
      132.4730224609375,
      1.0
    ]
  ],
  "194": [
    [
      -0.9430829286575317,
      -0.21845412254333496,
      0.8673891425132751,
      0.0
    ],
    [
      -0.3859601616859436,
      1.2364511489868164,
      -0.10823828727006912,
      0.0
    ],
    [
      -0.8069207072257996,
      -0.3360931873321533,
      -0.9619835019111633,
      0.0
    ],
    [
      -136.39048767089844,
      -25.913127899169922,
      35.3624153137207,
      1.0
    ]
  ],
  "102": [
    [
      -0.906271755695343,
      0.0,
      -0.42269545793533325,
      0.0
    ],
    [
      0.0,
      1.0,
      0.0,
      0.0
    ],
    [
      0.42269545793533325,
      0.0,
      -0.906271755695343,
      0.0
    ],
    [
      -299.9014587402344,
      -13.511489868164062,
      145.7176055908203,
      1.0
    ]
  ],
  "123": [
    [
      -0.8658974766731262,
      0.0,
      -0.5002213716506958,
      0.0
    ],
    [
      0.0,
      0.915955662727356,
      0.0,
      0.0
    ],
    [
      0.5002213716506958,
      0.0,
      -0.8658974766731262,
      0.0
    ],
    [
      -140.96029663085938,
      -11.380496978759766,
      -35.18391799926758,
      1.0
    ]
  ],
  "222": [
    [
      -0.7726048827171326,
      0.0,
      0.20680704712867737,
      0.0
    ],
    [
      0.028853552415966988,
      0.791982114315033,
      0.10779320448637009,
      0.0
    ],
    [
      -0.2047843486070633,
      0.11158810555934906,
      -0.7650483250617981,
      0.0
    ],
    [
      -204.01480102539062,
      -12.023119926452637,
      -10.558344841003418,
      1.0
    ]
  ],
  "198": [
    [
      0.9397217631340027,
      0.0,
      -0.3419400751590729,
      0.0
    ],
    [
      0.0,
      1.5,
      0.0,
      0.0
    ],
    [
      0.3419400751590729,
      0.0,
      0.9397217631340027,
      0.0
    ],
    [
      -150.4199981689453,
      -25.768869400024414,
      0.5895241498947144,
      1.0
    ]
  ],
  "150": [
    [
      0.4998893141746521,
      0.0,
      0.8660893440246582,
      0.0
    ],
    [
      0.0,
      1.0,
      0.0,
      0.0
    ],
    [
      -0.8660893440246582,
      0.0,
      0.4998893141746521,
      0.0
    ],
    [
      -291.0496826171875,
      -11.906036376953125,
      71.24576568603516,
      1.0
    ]
  ],
  "158": [
    [
      0.9064338803291321,
      0.0,
      -0.42234790325164795,
      0.0
    ],
    [
      0.0,
      1.0,
      0.0,
      0.0
    ],
    [
      0.42234790325164795,
      0.0,
      0.9064338803291321,
      0.0
    ],
    [
      -256.15167236328125,
      -10.776944160461426,
      -2.3505163192749023,
      1.0
    ]
  ],
  "112": [
    [
      0.9847485423088074,
      0.0,
      0.17398372292518616,
      0.0
    ],
    [
      0.0,
      1.0,
      0.0,
      0.0
    ],
    [
      -0.17398372292518616,
      0.0,
      0.9847485423088074,
      0.0
    ],
    [
      -224.38836669921875,
      -12.767155647277832,
      -5.624995231628418,
      1.0
    ]
  ],
  "186": [
    [
      1.9319840669631958,
      0.0,
      -0.5171441435813904,
      0.0
    ],
    [
      0.0,
      2.0,
      0.0,
      0.0
    ],
    [
      0.5171441435813904,
      0.0,
      1.9319840669631958,
      0.0
    ],
    [
      -213.39346313476562,
      -31.989999771118164,
      158.74322509765625,
      1.0
    ]
  ],
  "179": [
    [
      1.8794435262680054,
      0.0,
      -0.6838801503181458,
      0.0
    ],
    [
      0.2338460236787796,
      1.8794435262680054,
      0.6426570415496826,
      0.0
    ],
    [
      0.6426570415496826,
      -0.6838801503181458,
      1.7661539316177368,
      0.0
    ],
    [
      -186.26898193359375,
      -29.504257202148438,
      140.86148071289062,
      1.0
    ]
  ],
  "133": [
    [
      1.5,
      0.0,
      0.0,
      0.0
    ],
    [
      0.0,
      1.5,
      0.0,
      0.0
    ],
    [
      0.0,
      0.0,
      1.5,
      0.0
    ],
    [
      -239.45428466796875,
      -8.440611839294434,
      -25.71384048461914,
      1.0
    ]
  ],
  "48": [
    [
      -0.513450562953949,
      0.0,
      1.4093856811523438,
      0.0
    ],
    [
      0.0,
      1.5,
      0.0,
      0.0
    ],
    [
      -1.4093856811523438,
      0.0,
      -0.513450562953949,
      0.0
    ],
    [
      -279.57000732421875,
      -7.523582458496094,
      34.007041931152344,
      1.0
    ]
  ],
  "39": [
    [
      -0.9847485423088074,
      0.0,
      -0.17398381233215332,
      0.0
    ],
    [
      0.0,
      1.1607493162155151,
      0.0,
      0.0
    ],
    [
      0.17398381233215332,
      0.0,
      -0.9847485423088074,
      0.0
    ],
    [
      -129.59896850585938,
      -13.692102432250977,
      -24.209938049316406,
      1.0
    ]
  ],
  "116": [
    [
      -0.9005166888237,
      0.0,
      -0.4348214566707611,
      0.0
    ],
    [
      0.0,
      1.0,
      0.0,
      0.0
    ],
    [
      0.4348214566707611,
      0.0,
      -0.9005166888237,
      0.0
    ],
    [
      -143.85350036621094,
      -13.174357414245605,
      -23.024940490722656,
      1.0
    ]
  ],
  "115": [
    [
      0.5657642483711243,
      0.0,
      -0.5653303861618042,
      0.0
    ],
    [
      0.0,
      0.7998046875,
      0.0,
      0.0
    ],
    [
      0.5653303861618042,
      0.0,
      0.5657642483711243,
      0.0
    ],
    [
      -193.0942840576172,
      -31.0,
      144.59535217285156,
      1.0
    ]
  ],
  "183": [
    [
      -1.5754534006118774,
      0.0,
      -0.2783485949039459,
      0.0
    ],
    [
      0.09517853707075119,
      1.5034171342849731,
      -0.5387105941772461,
      0.0
    ],
    [
      0.2615702152252197,
      -0.5470539927482605,
      -1.4804877042770386,
      0.0
    ],
    [
      -219.3300018310547,
      -29.218353271484375,
      153.2097625732422,
      1.0
    ]
  ],
  "221": [
    [
      -0.565330445766449,
      0.0,
      -0.5657642483711243,
      0.0
    ],
    [
      0.0,
      0.7998046875,
      0.0,
      0.0
    ],
    [
      0.5657642483711243,
      0.0,
      -0.565330445766449,
      0.0
    ],
    [
      -203.29945373535156,
      -11.932720184326172,
      -6.053441524505615,
      1.0
    ]
  ],
  "161": [
    [
      1.199951171875,
      0.0,
      0.0,
      0.0
    ],
    [
      0.0,
      0.7998046875,
      0.0,
      0.0
    ],
    [
      0.0,
      0.0,
      1.199951171875,
      0.0
    ],
    [
      -291.80426025390625,
      -7.874309539794922,
      30.304044723510742,
      1.0
    ]
  ],
  "196": [
    [
      1.3364574909210205,
      0.0,
      0.6810883283615112,
      0.0
    ],
    [
      0.0,
      1.0,
      0.0,
      0.0
    ],
    [
      -0.6810883283615112,
      0.0,
      1.3364574909210205,
      0.0
    ],
    [
      -149.16000366210938,
      -25.80506706237793,
      1.013455867767334,
      1.0
    ]
  ],
  "126": [
    [
      -0.9847485423088074,
      0.0,
      -0.17398381233215332,
      0.0
    ],
    [
      0.0,
      1.0899794101715088,
      0.0,
      0.0
    ],
    [
      0.17398381233215332,
      0.0,
      -0.9847485423088074,
      0.0
    ],
    [
      -105.50470733642578,
      -13.556846618652344,
      -37.133567810058594,
      1.0
    ]
  ],
  "42": [
    [
      1.4095826148986816,
      0.0,
      -0.5129100680351257,
      0.0
    ],
    [
      0.0,
      1.5,
      0.0,
      0.0
    ],
    [
      0.5129100680351257,
      0.0,
      1.4095826148986816,
      0.0
    ],
    [
      -139.14126586914062,
      -30.476593017578125,
      132.42205810546875,
      1.0
    ]
  ],
  "38": [
    [
      -1.3594075441360474,
      0.0,
      -0.6340431571006775,
      0.0
    ],
    [
      0.0,
      1.5,
      0.0,
      0.0
    ],
    [
      0.6340431571006775,
      0.0,
      -1.3594075441360474,
      0.0
    ],
    [
      -217.12596130371094,
      -33.6785888671875,
      156.7862091064453,
      1.0
    ]
  ],
  "191": [
    [
      1.0,
      0.0,
      0.0,
      0.0
    ],
    [
      0.0,
      2.0,
      0.0,
      0.0
    ],
    [
      0.0,
      0.0,
      1.0,
      0.0
    ],
    [
      -150.13999938964844,
      -25.737398147583008,
      9.920113563537598,
      1.0
    ]
  ],
  "224": [
    [
      0.0007670561317354441,
      0.0,
      -1.9999998807907104,
      0.0
    ],
    [
      0.0,
      6.0,
      0.0,
      0.0
    ],
    [
      1.9999998807907104,
      0.0,
      0.0007670561317354441,
      0.0
    ],
    [
      -222.65953063964844,
      -30.08565902709961,
      154.7004852294922,
      1.0
    ]
  ],
  "210": [
    [
      0.0002876460494007915,
      0.0,
      -0.7499999403953552,
      0.0
    ],
    [
      0.0,
      3.0,
      0.0,
      0.0
    ],
    [
      0.9999999403953552,
      0.0,
      0.00038352806586772203,
      0.0
    ],
    [
      -148.18325805664062,
      -20.97495460510254,
      -2.722635269165039,
      1.0
    ]
  ],
  "106": [
    [
      0.08732546120882034,
      0.0,
      -0.9961798787117004,
      0.0
    ],
    [
      0.0,
      1.0,
      0.0,
      0.0
    ],
    [
      0.9961798787117004,
      0.0,
      0.08732546120882034,
      0.0
    ],
    [
      -289.1009521484375,
      -11.906036376953125,
      91.56942749023438,
      1.0
    ]
  ],
  "190": [
    [
      1.0,
      0.0,
      0.0,
      0.0
    ],
    [
      0.0,
      0.8970909118652344,
      0.0,
      0.0
    ],
    [
      0.0,
      0.0,
      1.0,
      0.0
    ],
    [
      -207.92393493652344,
      -30.071197509765625,
      158.39688110351562,
      1.0
    ]
  ],
  "61": [
    [
      0.39990234375,
      0.0,
      0.0,
      0.0
    ],
    [
      0.0,
      0.75,
      0.0,
      0.0
    ],
    [
      0.0,
      0.0,
      0.39990234375,
      0.0
    ],
    [
      -137.61582946777344,
      -22.526912689208984,
      3.510944366455078,
      1.0
    ]
  ],
  "37": [
    [
      0.0006135887233540416,
      0.0,
      -1.5998533964157104,
      0.0
    ],
    [
      0.5470539331436157,
      1.5034171342849731,
      0.00020981054694857448,
      0.0
    ],
    [
      1.5034170150756836,
      -0.5470539927482605,
      0.0005766025860793889,
      0.0
    ],
    [
      -90.54390716552734,
      -12.351734161376953,
      -27.6562442779541,
      1.0
    ]
  ],
  "192": [
    [
      0.9064338803291321,
      0.0,
      -0.42234790325164795,
      0.0
    ],
    [
      0.0,
      1.0,
      0.0,
      0.0
    ],
    [
      0.42234790325164795,
      0.0,
      0.9064338803291321,
      0.0
    ],
    [
      -196.2139129638672,
      -31.031448364257812,
      148.95901489257812,
      1.0
    ]
  ],
  "127": [
    [
      -0.8658974766731262,
      0.0,
      -0.5002213716506958,
      0.0
    ],
    [
      0.0,
      0.9560601115226746,
      0.0,
      0.0
    ],
    [
      0.5002213716506958,
      0.0,
      -0.8658974766731262,
      0.0
    ],
    [
      -95.85124969482422,
      -13.556846618652344,
      -35.954708099365234,
      1.0
    ]
  ],
  "193": [
    [
      1.2948392629623413,
      -0.11350623518228531,
      0.0,
      0.0
    ],
    [
      0.11350623518228531,
      1.2948392629623413,
      0.0,
      0.0
    ],
    [
      0.0,
      0.0,
      1.2998046875,
      0.0
    ],
    [
      -140.0800018310547,
      -25.45568084716797,
      17.224639892578125,
      1.0
    ]
  ],
  "144": [
    [
      0.9848151803016663,
      0.0,
      -0.17360621690750122,
      0.0
    ],
    [
      0.0,
      0.8960405588150024,
      0.0,
      0.0
    ],
    [
      0.17360621690750122,
      0.0,
      0.9848151803016663,
      0.0
    ],
    [
      -151.4334259033203,
      -31.90643310546875,
      135.83053588867188,
      1.0
    ]
  ],
  "215": [
    [
      0.0007670561317354441,
      0.0,
      -1.9999998807907104,
      0.0
    ],
    [
      0.0,
      6.0,
      0.0,
      0.0
    ],
    [
      1.9999998807907104,
      0.0,
      0.0007670561317354441,
      0.0
    ],
    [
      -169.33856201171875,
      -13.10714340209961,
      -32.76478576660156,
      1.0
    ]
  ],
  "125": [
    [
      -0.9847485423088074,
      0.0,
      -0.17398381233215332,
      0.0
    ],
    [
      0.0,
      0.8623117208480835,
      0.0,
      0.0
    ],
    [
      0.17398381233215332,
      0.0,
      -0.9847485423088074,
      0.0
    ],
    [
      -116.79452514648438,
      -13.330142974853516,
      -36.31743621826172,
      1.0
    ]
  ],
  "104": [
    [
      -0.17360620200634003,
      0.0,
      -0.9848151803016663,
      0.0
    ],
    [
      0.0,
      1.0,
      0.0,
      0.0
    ],
    [
      0.9848151803016663,
      0.0,
      -0.17360620200634003,
      0.0
    ],
    [
      -293.9200134277344,
      -14.445114135742188,
      122.17052459716797,
      1.0
    ]
  ],
  "41": [
    [
      -0.9847485423088074,
      0.0,
      -0.17398381233215332,
      0.0
    ],
    [
      0.0,
      1.0691919326782227,
      0.0,
      0.0
    ],
    [
      0.17398381233215332,
      0.0,
      -0.9847485423088074,
      0.0
    ],
    [
      -105.56848907470703,
      -15.279024124145508,
      -25.524818420410156,
      1.0
    ]
  ],
  "217": [
    [
      0.0007670561317354441,
      0.0,
      -1.9999998807907104,
      0.0
    ],
    [
      0.0,
      6.0,
      0.0,
      0.0
    ],
    [
      1.9999998807907104,
      0.0,
      0.0007670561317354441,
      0.0
    ],
    [
      -165.91006469726562,
      -13.10714340209961,
      -31.300537109375,
      1.0
    ]
  ],
  "180": [
    [
      1.7321789264678955,
      0.0,
      -0.9997786283493042,
      0.0
    ],
    [
      0.34186437726020813,
      1.8794435262680054,
      0.5923013687133789,
      0.0
    ],
    [
      0.9395136833190918,
      -0.6838801503181458,
      1.6277661323547363,
      0.0
    ],
    [
      -182.38674926757812,
      -29.417724609375,
      138.23233032226562,
      1.0
    ]
  ],
  "163": [
    [
      1.3968243598937988,
      -0.0662957951426506,
      -1.4298555850982666,
      0.0
    ],
    [
      0.532994270324707,
      1.8782739639282227,
      0.433594673871994,
      0.0
    ],
    [
      1.3284574747085571,
      -0.6838801503181458,
      1.3294769525527954,
      0.0
    ],
    [
      -200.88999938964844,
      -29.86492919921875,
      150.62562561035156,
      1.0
    ]
  ],
  "117": [
    [
      0.9534218311309814,
      0.0,
      -0.3016403317451477,
      0.0
    ],
    [
      0.0,
      1.0,
      0.0,
      0.0
    ],
    [
      0.3016403317451477,
      0.0,
      0.9534218311309814,
      0.0
    ],
    [
      -142.8219757080078,
      -13.104730606079102,
      -25.896677017211914,
      1.0
    ]
  ],
  "203": [
    [
      0.9397217631340027,
      0.0,
      -0.3419400751590729,
      0.0
    ],
    [
      0.0,
      1.5,
      0.0,
      0.0
    ],
    [
      0.3419400751590729,
      0.0,
      0.9397217631340027,
      0.0
    ],
    [
      -142.5318145751953,
      -19.92900848388672,
      -4.553040504455566,
      1.0
    ]
  ],
  "177": [
    [
      -0.7068356275558472,
      0.0,
      -0.7073780298233032,
      0.0
    ],
    [
      0.0,
      1.0,
      0.0,
      0.0
    ],
    [
      0.7073780298233032,
      0.0,
      -0.7068356275558472,
      0.0
    ],
    [
      -198.4600067138672,
      -31.031448364257812,
      153.7182159423828,
      1.0
    ]
  ],
  "220": [
    [
      0.5142350792884827,
      0.0,
      -0.6125763654708862,
      0.0
    ],
    [
      0.0,
      0.7998046875,
      0.0,
      0.0
    ],
    [
      0.6125763654708862,
      0.0,
      0.5142350792884827,
      0.0
    ],
    [
      -205.14492797851562,
      -12.053254127502441,
      -13.586725234985352,
      1.0
    ]
  ],
  "182": [
    [
      1.4147560596466064,
      0.0,
      -1.4136711359024048,
      0.0
    ],
    [
      0.48339080810546875,
      1.8794435262680054,
      0.4837617874145508,
      0.0
    ],
    [
      1.3284574747085571,
      -0.6838801503181458,
      1.3294769525527954,
      0.0
    ],
    [
      -178.57037353515625,
      -29.677322387695312,
      134.86801147460938,
      1.0
    ]
  ],
  "156": [
    [
      0.00038352806586772203,
      0.0,
      -0.9999999403953552,
      0.0
    ],
    [
      0.0,
      1.0,
      0.0,
      0.0
    ],
    [
      0.9999999403953552,
      0.0,
      0.00038352806586772203,
      0.0
    ],
    [
      -271.1366271972656,
      -9.750496864318848,
      15.201736450195312,
      1.0
    ]
  ],
  "124": [
    [
      -0.9847485423088074,
      0.0,
      -0.17398381233215332,
      0.0
    ],
    [
      0.0,
      0.8667612075805664,
      0.0,
      0.0
    ],
    [
      0.17398381233215332,
      0.0,
      -0.9847485423088074,
      0.0
    ],
    [
      -129.5352325439453,
      -11.969924926757812,
      -35.818687438964844,
      1.0
    ]
  ],
  "105": [
    [
      0.08732546120882034,
      0.0,
      -0.9961798787117004,
      0.0
    ],
    [
      0.0,
      1.0,
      0.0,
      0.0
    ],
    [
      0.9961798787117004,
      0.0,
      0.08732546120882034,
      0.0
    ],
    [
      -292.095947265625,
      -12.586151123046875,
      110.61681365966797,
      1.0
    ]
  ],
  "114": [
    [
      1.8794435262680054,
      0.0,
      -0.6838801503181458,
      0.0
    ],
    [
      0.34186437726020813,
      1.7321789264678955,
      0.9395136833190918,
      0.0
    ],
    [
      0.5923013687133789,
      -0.9997786283493042,
      1.6277661323547363,
      0.0
    ],
    [
      -145.03184509277344,
      -29.409423828125,
      131.19078063964844,
      1.0
    ]
  ],
  "166": [
    [
      0.000575292098801583,
      0.0,
      -1.4999998807907104,
      0.0
    ],
    [
      0.0,
      1.5,
      0.0,
      0.0
    ],
    [
      1.4999998807907104,
      0.0,
      0.000575292098801583,
      0.0
    ],
    [
      -224.4362335205078,
      -29.4254150390625,
      158.2225799560547,
      1.0
    ]
  ],
  "147": [
    [
      0.00038352806586772203,
      0.0,
      -0.9999999403953552,
      0.0
    ],
    [
      0.0,
      1.0375922918319702,
      0.0,
      0.0
    ],
    [
      0.9999999403953552,
      0.0,
      0.00038352806586772203,
      0.0
    ],
    [
      -221.4783935546875,
      -30.577316284179688,
      158.6358642578125,
      1.0
    ]
  ],
  "216": [
    [
      0.0007670561317354441,
      0.0,
      -1.9999998807907104,
      0.0
    ],
    [
      0.0,
      6.0,
      0.0,
      0.0
    ],
    [
      1.9999998807907104,
      0.0,
      0.0007670561317354441,
      0.0
    ],
    [
      -168.08859252929688,
      -13.10714340209961,
      -31.51481819152832,
      1.0
    ]
  ],
  "40": [
    [
      -0.9847485423088074,
      0.0,
      -0.17398381233215332,
      0.0
    ],
    [
      0.0,
      1.0956497192382812,
      0.0,
      0.0
    ],
    [
      0.17398381233215332,
      0.0,
      -0.9847485423088074,
      0.0
    ],
    [
      -116.85830688476562,
      -15.05232048034668,
      -24.70868682861328,
      1.0
    ]
  ],
  "134": [
    [
      1.4771227836608887,
      0.0,
      0.26097556948661804,
      0.0
    ],
    [
      0.0,
      1.5,
      0.0,
      0.0
    ],
    [
      -0.26097556948661804,
      0.0,
      1.4771227836608887,
      0.0
    ],
    [
      -214.5177459716797,
      -9.652043342590332,
      -21.979324340820312,
      1.0
    ]
  ],
  "197": [
    [
      -1.2214547395706177,
      0.0,
      0.4444551467895508,
      0.0
    ],
    [
      0.0,
      1.099853515625,
      0.0,
      0.0
    ],
    [
      -0.5470538139343262,
      0.0,
      -1.5034172534942627,
      0.0
    ],
    [
      -149.4199981689453,
      -25.80506706237793,
      0.5340642333030701,
      1.0
    ]
  ],
  "160": [
    [
      1.0,
      0.0,
      0.0,
      0.0
    ],
    [
      0.0,
      1.0418621301651,
      0.0,
      0.0
    ],
    [
      0.0,
      0.0,
      1.0,
      0.0
    ],
    [
      -294.56890869140625,
      -7.874309539794922,
      32.467315673828125,
      1.0
    ]
  ],
  "49": [
    [
      -0.513450562953949,
      0.0,
      1.4093856811523438,
      0.0
    ],
    [
      0.0,
      1.5,
      0.0,
      0.0
    ],
    [
      -1.4093856811523438,
      0.0,
      -0.513450562953949,
      0.0
    ],
    [
      -286.1600036621094,
      -8.099382400512695,
      27.89569664001465,
      1.0
    ]
  ],
  "50": [
    [
      0.6761472225189209,
      0.0,
      -0.18098782002925873,
      0.0
    ],
    [
      0.0,
      0.699951171875,
      0.0,
      0.0
    ],
    [
      0.18098782002925873,
      0.0,
      0.6761472225189209,
      0.0
    ],
    [
      -186.40225219726562,
      -30.692245483398438,
      142.52035522460938,
      1.0
    ]
  ],
  "157": [
    [
      0.7073780298233032,
      0.0,
      -0.7068355679512024,
      0.0
    ],
    [
      0.0,
      1.0,
      0.0,
      0.0
    ],
    [
      0.7068355679512024,
      0.0,
      0.7073780298233032,
      0.0
    ],
    [
      -265.48992919921875,
      -10.982233047485352,
      3.602879285812378,
      1.0
    ]
  ],
  "152": [
    [
      0.7073780298233032,
      0.0,
      -0.7068355679512024,
      0.0
    ],
    [
      0.0,
      1.0,
      0.0,
      0.0
    ],
    [
      0.7068355679512024,
      0.0,
      0.7073780298233032,
      0.0
    ],
    [
      -293.72174072265625,
      -10.5716552734375,
      49.38243865966797,
      1.0
    ]
  ],
  "202": [
    [
      0.7073780298233032,
      0.0,
      -0.7068355679512024,
      0.0
    ],
    [
      0.0,
      1.0,
      0.0,
      0.0
    ],
    [
      0.7068355679512024,
      0.0,
      0.7073780298233032,
      0.0
    ],
    [
      -143.42282104492188,
      -13.116968154907227,
      -24.961275100708008,
      1.0
    ]
  ],
  "164": [
    [
      1.9924265146255493,
      0.0,
      -0.1738869994878769,
      0.0
    ],
    [
      0.05945893004536629,
      1.8794435262680054,
      0.6812904477119446,
      0.0
    ],
    [
      0.1634053885936737,
      -0.6838801503181458,
      1.8723264932632446,
      0.0
    ],
    [
      -158.3000030517578,
      -29.588699340820312,
      135.22450256347656,
      1.0
    ]
  ],
  "43": [
    [
      1.5,
      0.0,
      0.0,
      0.0
    ],
    [
      0.0,
      1.099853515625,
      0.0,
      0.0
    ],
    [
      0.0,
      0.0,
      1.2998046875,
      0.0
    ],
    [
      -279.5830993652344,
      -8.70068359375,
      33.98871612548828,
      1.0
    ]
  ],
  "131": [
    [
      1.4772226810455322,
      0.0,
      -0.26040932536125183,
      0.0
    ],
    [
      0.0,
      1.5,
      0.0,
      0.0
    ],
    [
      0.26040932536125183,
      0.0,
      1.4772226810455322,
      0.0
    ],
    [
      -255.36224365234375,
      -8.64590072631836,
      -24.17351722717285,
      1.0
    ]
  ],
  "200": [
    [
      1.5,
      0.0,
      0.0,
      0.0
    ],
    [
      0.0,
      1.5,
      0.0,
      0.0
    ],
    [
      0.0,
      0.0,
      1.5,
      0.0
    ],
    [
      -150.87599182128906,
      -25.587162017822266,
      10.169720649719238,
      1.0
    ]
  ],
  "195": [
    [
      1.5,
      0.0,
      0.0,
      0.0
    ],
    [
      0.0,
      1.5,
      0.0,
      0.0
    ],
    [
      0.0,
      0.0,
      1.5,
      0.0
    ],
    [
      -149.63999938964844,
      -25.717905044555664,
      1.1006180047988892,
      1.0
    ]
  ],
  "208": [
    [
      -0.7068356275558472,
      0.0,
      -0.7073780298233032,
      0.0
    ],
    [
      0.0,
      2.0,
      0.0,
      0.0
    ],
    [
      0.7073780298233032,
      0.0,
      -0.7068356275558472,
      0.0
    ],
    [
      -144.60000610351562,
      -25.937196731567383,
      6.0081305503845215,
      1.0
    ]
  ],
  "187": [
    [
      1.2998046875,
      0.0,
      0.0,
      0.0
    ],
    [
      0.0,
      1.2998046875,
      0.0,
      0.0
    ],
    [
      0.0,
      0.0,
      1.2998046875,
      0.0
    ],
    [
      -142.27804565429688,
      -25.336021423339844,
      17.224639892578125,
      1.0
    ]
  ],
  "142": [
    [
      -0.9847485423088074,
      0.0,
      -0.17398381233215332,
      0.0
    ],
    [
      0.0,
      1.0330983400344849,
      0.0,
      0.0
    ],
    [
      0.17398381233215332,
      0.0,
      -0.9847485423088074,
      0.0
    ],
    [
      -165.965576171875,
      -32.30517578125,
      137.64698791503906,
      1.0
    ]
  ],
  "145": [
    [
      1.450161337852478,
      0.0,
      -0.6756947636604309,
      0.0
    ],
    [
      0.2310471087694168,
      1.5034171342849731,
      0.4958682656288147,
      0.0
    ],
    [
      0.6349650621414185,
      -0.5470539927482605,
      1.362748146057129,
      0.0
    ],
    [
      -145.9013214111328,
      -29.322891235351562,
      131.19076538085938,
      1.0
    ]
  ],
  "121": [
    [
      -0.7068356275558472,
      0.0,
      -0.7073780298233032,
      0.0
    ],
    [
      0.0,
      1.1270695924758911,
      0.0,
      0.0
    ],
    [
      0.7073780298233032,
      0.0,
      -0.7068356275558472,
      0.0
    ],
    [
      -158.3939666748047,
      -11.199134826660156,
      -43.9268913269043,
      1.0
    ]
  ],
  "189": [
    [
      1.5755599737167358,
      0.0,
      -0.27774450182914734,
      0.0
    ],
    [
      0.09497197717428207,
      1.5034171342849731,
      0.5387470722198486,
      0.0
    ],
    [
      0.2610025405883789,
      -0.5470539927482605,
      1.4805879592895508,
      0.0
    ],
    [
      -210.91000366210938,
      -29.550628662109375,
      154.42811584472656,
      1.0
    ]
  ],
  "206": [
    [
      -0.17360620200634003,
      0.0,
      -0.9848151803016663,
      0.0
    ],
    [
      0.0,
      3.0,
      0.0,
      0.0
    ],
    [
      0.9848151803016663,
      0.0,
      -0.17360620200634003,
      0.0
    ],
    [
      -144.17999267578125,
      -19.449615478515625,
      -7.56013298034668,
      1.0
    ]
  ],
  "129": [
    [
      0.17398381233215332,
      0.0,
      -0.9847485423088074,
      0.0
    ],
    [
      0.0,
      0.9441218972206116,
      0.0,
      0.0
    ],
    [
      0.9847485423088074,
      0.0,
      0.17398381233215332,
      0.0
    ],
    [
      -88.14068603515625,
      -13.874231338500977,
      -21.21900177001953,
      1.0
    ]
  ],
  "100": [
    [
      -0.9847485423088074,
      0.0,
      -0.17398381233215332,
      0.0
    ],
    [
      0.0,
      1.000722885131836,
      0.0,
      0.0
    ],
    [
      0.17398381233215332,
      0.0,
      -0.9847485423088074,
      0.0
    ],
    [
      -174.91494750976562,
      -32.30517578125,
      136.58370971679688,
      1.0
    ]
  ],
  "176": [
    [
      2.0,
      0.0,
      0.0,
      0.0
    ],
    [
      0.0,
      1.8794435262680054,
      0.6838801503181458,
      0.0
    ],
    [
      0.0,
      -0.6838801503181458,
      1.8794435262680054,
      0.0
    ],
    [
      -175.90536499023438,
      -29.502166748046875,
      133.5450897216797,
      1.0
    ]
  ],
  "213": [
    [
      0.75,
      0.0,
      0.0,
      0.0
    ],
    [
      0.0,
      0.75,
      0.0,
      0.0
    ],
    [
      0.0,
      0.0,
      0.75,
      0.0
    ],
    [
      -131.27999877929688,
      -23.574691772460938,
      56.540164947509766,
      1.0
    ]
  ],
  "153": [
    [
      0.7073780298233032,
      0.0,
      -0.7068355679512024,
      0.0
    ],
    [
      0.0,
      1.0,
      0.0,
      0.0
    ],
    [
      0.7068355679512024,
      0.0,
      0.7073780298233032,
      0.0
    ],
    [
      -283.04669189453125,
      -11.906036376953125,
      45.78987121582031,
      1.0
    ]
  ],
  "223": [
    [
      0.751593828201294,
      0.0,
      -0.2734852731227875,
      0.0
    ],
    [
      0.0,
      0.7998046875,
      0.0,
      0.0
    ],
    [
      0.2734852731227875,
      0.0,
      0.751593828201294,
      0.0
    ],
    [
      -203.6493377685547,
      -12.053254127502441,
      -9.262619972229004,
      1.0
    ]
  ],
  "155": [
    [
      1.9319840669631958,
      0.0,
      -0.5171441435813904,
      0.0
    ],
    [
      0.17683230340480804,
      1.8794435262680054,
      0.660622775554657,
      0.0
    ],
    [
      0.485971599817276,
      -0.6838801503181458,
      1.8155274391174316,
      0.0
    ],
    [
      -153.47100830078125,
      -29.41357421875,
      133.93344116210938,
      1.0
    ]
  ],
  "119": [
    [
      1.0,
      0.0,
      0.0,
      0.0
    ],
    [
      0.0,
      1.0,
      0.0,
      0.0
    ],
    [
      0.0,
      0.0,
      1.0,
      0.0
    ],
    [
      -206.9508056640625,
      -14.781030654907227,
      -1.6408981084823608,
      1.0
    ]
  ],
  "130": [
    [
      0.7073780298233032,
      0.0,
      -0.7068355679512024,
      0.0
    ],
    [
      0.0,
      0.8011864423751831,
      0.0,
      0.0
    ],
    [
      0.7068355679512024,
      0.0,
      0.7073780298233032,
      0.0
    ],
    [
      -94.9887466430664,
      -13.874231338500977,
      -14.780632019042969,
      1.0
    ]
  ],
  "185": [
    [
      0.9659920334815979,
      0.0,
      -0.2585720717906952,
      0.0
    ],
    [
      0.0,
      0.900637686252594,
      0.0,
      0.0
    ],
    [
      0.2585720717906952,
      0.0,
      0.9659920334815979,
      0.0
    ],
    [
      -179.33189392089844,
      -31.851058959960938,
      140.08363342285156,
      1.0
    ]
  ],
  "178": [
    [
      1.9319840669631958,
      0.0,
      -0.5171441435813904,
      0.0
    ],
    [
      0.17683230340480804,
      1.8794435262680054,
      0.660622775554657,
      0.0
    ],
    [
      0.485971599817276,
      -0.6838801503181458,
      1.8155274391174316,
      0.0
    ],
    [
      -190.5159149169922,
      -29.987442016601562,
      142.28334045410156,
      1.0
    ]
  ],
  "143": [
    [
      0.9848151803016663,
      0.0,
      -0.17360621690750122,
      0.0
    ],
    [
      0.0,
      1.037123680114746,
      0.0,
      0.0
    ],
    [
      0.17360621690750122,
      0.0,
      0.9848151803016663,
      0.0
    ],
    [
      -157.05999755859375,
      -31.90643310546875,
      137.69129943847656,
      1.0
    ]
  ],
  "174": [
    [
      2.0,
      0.0,
      0.0,
      0.0
    ],
    [
      0.0,
      1.8794435262680054,
      0.6838801503181458,
      0.0
    ],
    [
      0.0,
      -0.6838801503181458,
      1.8794435262680054,
      0.0
    ],
    [
      -167.83999633789062,
      -29.502166748046875,
      134.91229248046875,
      1.0
    ]
  ],
  "120": [
    [
      1.0,
      0.0,
      0.0,
      0.0
    ],
    [
      0.0,
      1.0115776062011719,
      0.0,
      0.0
    ],
    [
      0.0,
      0.0,
      1.0,
      0.0
    ],
    [
      -167.71168518066406,
      -9.566871643066406,
      -47.15400314331055,
      1.0
    ]
  ],
  "128": [
    [
      -0.4998893141746521,
      0.0,
      -0.8660894632339478,
      0.0
    ],
    [
      0.0,
      1.075382947921753,
      0.0,
      0.0
    ],
    [
      0.8660894632339478,
      0.0,
      -0.4998893141746521,
      0.0
    ],
    [
      -88.7286376953125,
      -13.874231338500977,
      -30.0604248046875,
      1.0
    ]
  ]
}