{
  "117": [
    [
      0.9272189736366272,
      0.0,
      -0.3745196759700775,
      0.0
    ],
    [
      0.0,
      1.0,
      0.0,
      0.0
    ],
    [
      0.3745196759700775,
      0.0,
      0.9272189736366272,
      0.0
    ],
    [
      104.52999877929688,
      -1.775526762008667,
      -78.34038543701172,
      1.0
    ]
  ],
  "107": [
    [
      1.0,
      0.0,
      0.0,
      0.0
    ],
    [
      0.0,
      1.0,
      0.0,
      0.0
    ],
    [
      0.0,
      0.0,
      1.0,
      0.0
    ],
    [
      -49.6939582824707,
      0.135162353515625,
      -112.59010314941406,
      1.0
    ]
  ],
  "208": [
    [
      0.8618411421775818,
      0.0,
      -0.5071784853935242,
      0.0
    ],
    [
      0.0,
      1.0,
      0.0,
      0.0
    ],
    [
      0.5071784853935242,
      0.0,
      0.8618411421775818,
      0.0
    ],
    [
      -38.709999084472656,
      2.1924667358398438,
      -74.385498046875,
      1.0
    ]
  ],
  "183": [
    [
      0.00038352806586772203,
      0.0,
      -0.9999999403953552,
      0.0
    ],
    [
      0.0,
      1.0,
      0.0,
      0.0
    ],
    [
      0.9999999403953552,
      0.0,
      0.00038352806586772203,
      0.0
    ],
    [
      -61.560001373291016,
      -0.04248046875,
      -122.54135131835938,
      1.0
    ]
  ],
  "159": [
    [
      -0.0005755185848101974,
      0.0,
      1.4999998807907104,
      0.0
    ],
    [
      0.0,
      1.5,
      0.0,
      0.0
    ],
    [
      -1.4999998807907104,
      0.0,
      -0.0005755185848101974,
      0.0
    ],
    [
      113.02140045166016,
      1.259429931640625,
      -165.05503845214844,
      1.0
    ]
  ],
  "75": [
    [
      1.0,
      0.0,
      0.0,
      0.0
    ],
    [
      0.0,
      1.0,
      0.0,
      0.0
    ],
    [
      0.0,
      0.0,
      1.0,
      0.0
    ],
    [
      -55.31557846069336,
      0.21158170700073242,
      -61.612762451171875,
      1.0
    ]
  ],
  "207": [
    [
      -0.39293429255485535,
      0.0,
      -0.9195665121078491,
      0.0
    ],
    [
      0.0,
      1.0,
      0.0,
      0.0
    ],
    [
      0.9195665121078491,
      0.0,
      -0.39293429255485535,
      0.0
    ],
    [
      -39.19696044921875,
      1.9181747436523438,
      -74.21051025390625,
      1.0
    ]
  ],
  "153": [
    [
      1.0,
      0.0,
      0.0,
      0.0
    ],
    [
      0.0,
      1.0,
      0.0,
      0.0
    ],
    [
      0.0,
      0.0,
      1.0,
      0.0
    ],
    [
      -55.12945556640625,
      -0.05078125,
      -114.46247863769531,
      1.0
    ]
  ],
  "70": [
    [
      1.0,
      0.0,
      0.0,
      0.0
    ],
    [
      0.0,
      1.0,
      0.0,
      0.0
    ],
    [
      0.0,
      0.0,
      1.0,
      0.0
    ],
    [
      66.91342163085938,
      -2.0871620178222656,
      -41.12713623046875,
      1.0
    ]
  ],
  "100": [
    [
      1.0,
      0.0,
      0.0,
      0.0
    ],
    [
      0.0,
      1.0,
      0.0,
      0.0
    ],
    [
      0.0,
      0.0,
      1.0,
      0.0
    ],
    [
      -24.357406616210938,
      1.2667236328125,
      -224.6757354736328,
      1.0
    ]
  ],
  "136": [
    [
      -0.4998893141746521,
      0.0,
      -0.8660894632339478,
      0.0
    ],
    [
      0.0,
      1.5,
      0.0,
      0.0
    ],
    [
      1.2124406099319458,
      0.0,
      -0.699796199798584,
      0.0
    ],
    [
      -17.11292266845703,
      0.06912307441234589,
      -54.74448013305664,
      1.0
    ]
  ],
  "56": [
    [
      1.0,
      0.0,
      0.0,
      0.0
    ],
    [
      0.0,
      1.0,
      0.0,
      0.0
    ],
    [
      0.0,
      0.0,
      1.0,
      0.0
    ],
    [
      -64.23704528808594,
      -0.054443359375,
      -106.44500732421875,
      1.0
    ]
  ],
  "192": [
    [
      0.8725336194038391,
      0.0,
      -0.48855429887771606,
      0.0
    ],
    [
      0.0,
      1.0,
      0.0,
      0.0
    ],
    [
      0.48855429887771606,
      0.0,
      0.8725336194038391,
      0.0
    ],
    [
      -35.189998626708984,
      1.2027451992034912,
      -225.07196044921875,
      1.0
    ]
  ],
  "63": [
    [
      -0.0007670561317354441,
      -0.0,
      1.9999998807907104,
      -0.0
    ],
    [
      0.0,
      2.0,
      0.0,
      0.0
    ],
    [
      1.9999998807907104,
      0.0,
      0.0007670561317354441,
      0.0
    ],
    [
      -11.979999542236328,
      0.972747802734375,
      -193.03318786621094,
      1.0
    ]
  ],
  "248": [
    [
      1.0,
      0.0,
      0.0,
      0.0
    ],
    [
      0.0,
      1.0,
      0.0,
      0.0
    ],
    [
      0.0,
      0.0,
      1.0,
      0.0
    ],
    [
      121.66000366210938,
      0.8902587890625,
      -134.60946655273438,
      1.0
    ]
  ],
  "94": [
    [
      0.7073780298233032,
      0.0,
      -0.7068355679512024,
      0.0
    ],
    [
      0.0,
      1.0,
      0.0,
      0.0
    ],
    [
      0.7068355679512024,
      0.0,
      0.7073780298233032,
      0.0
    ],
    [
      75.6812973022461,
      2.5107269287109375,
      -197.13330078125,
      1.0
    ]
  ],
  "37": [
    [
      1.0,
      0.0,
      0.0,
      0.0
    ],
    [
      0.0,
      1.0,
      0.0,
      0.0
    ],
    [
      0.0,
      0.0,
      1.0,
      0.0
    ],
    [
      -26.87466049194336,
      1.1424119472503662,
      -233.3916778564453,
      1.0
    ]
  ],
  "29": [
    [
      1.0,
      0.0,
      0.0,
      0.0
    ],
    [
      0.0,
      1.0,
      0.0,
      0.0
    ],
    [
      0.0,
      0.0,
      1.0,
      0.0
    ],
    [
      -67.10221862792969,
      0.10902014374732971,
      -116.73017883300781,
      1.0
    ]
  ],
  "171": [
    [
      1.0,
      0.0,
      0.0,
      0.0
    ],
    [
      0.0,
      1.0,
      0.0,
      0.0
    ],
    [
      0.0,
      0.0,
      1.0,
      0.0
    ],
    [
      -66.94755554199219,
      0.19760894775390625,
      -116.55435180664062,
      1.0
    ]
  ],
  "113": [
    [
      0.00038352806586772203,
      0.0,
      -0.9999999403953552,
      0.0
    ],
    [
      0.0,
      1.0,
      0.0,
      0.0
    ],
    [
      0.9999999403953552,
      0.0,
      0.00038352806586772203,
      0.0
    ],
    [
      0.09368133544921875,
      -0.05452728271484375,
      -55.57394027709961,
      1.0
    ]
  ],
  "90": [
    [
      0.00038352806586772203,
      0.0,
      -0.9999999403953552,
      0.0
    ],
    [
      0.0,
      1.0,
      0.0,
      0.0
    ],
    [
      0.9999999403953552,
      0.0,
      0.00038352806586772203,
      0.0
    ],
    [
      109.03775024414062,
      1.3675994873046875,
      -121.7300033569336,
      1.0
    ]
  ],
  "79": [
    [
      1.0,
      0.0,
      0.0,
      0.0
    ],
    [
      0.0,
      1.0,
      0.0,
      0.0
    ],
    [
      0.0,
      0.0,
      1.0,
      0.0
    ],
    [
      -60.72378921508789,
      0.17363832890987396,
      -100.20059204101562,
      1.0
    ]
  ],
  "69": [
    [
      1.0,
      0.0,
      0.0,
      0.0
    ],
    [
      0.0,
      1.0,
      0.0,
      0.0
    ],
    [
      0.0,
      0.0,
      1.0,
      0.0
    ],
    [
      -22.41786766052246,
      -0.05859375,
      -36.60436248779297,
      1.0
    ]
  ],
  "80": [
    [
      1.0,
      0.0,
      0.0,
      0.0
    ],
    [
      0.0,
      1.0,
      0.0,
      0.0
    ],
    [
      0.0,
      0.0,
      1.0,
      0.0
    ],
    [
      -24.71059799194336,
      1.1957677602767944,
      -226.72409057617188,
      1.0
    ]
  ],
  "20": [
    [
      1.5,
      0.0,
      0.0,
      0.0
    ],
    [
      0.0,
      1.099853515625,
      0.0,
      0.0
    ],
    [
      0.0,
      0.0,
      1.2998046875,
      0.0
    ],
    [
      107.08979797363281,
      0.085174560546875,
      -162.75558471679688,
      1.0
    ]
  ],
  "148": [
    [
      0.8725336194038391,
      0.0,
      -0.48855429887771606,
      0.0
    ],
    [
      0.0,
      1.0,
      0.0,
      0.0
    ],
    [
      0.48855429887771606,
      0.0,
      0.8725336194038391,
      0.0
    ],
    [
      -36.970001220703125,
      1.1868953704833984,
      -228.5665283203125,
      1.0
    ]
  ],
  "42": [
    [
      1.0,
      0.0,
      0.0,
      0.0
    ],
    [
      0.0,
      1.0,
      0.0,
      0.0
    ],
    [
      0.0,
      0.0,
      1.0,
      0.0
    ],
    [
      93.95552062988281,
      -2.0,
      -40.70664978027344,
      1.0
    ]
  ],
  "98": [
    [
      1.0,
      0.0,
      0.0,
      0.0
    ],
    [
      0.0,
      1.0,
      0.0,
      0.0
    ],
    [
      0.0,
      0.0,
      1.0,
      0.0
    ],
    [
      17.241641998291016,
      2.74969482421875,
      -215.62429809570312,
      1.0
    ]
  ],
  "147": [
    [
      1.0,
      0.0,
      0.0,
      0.0
    ],
    [
      0.0,
      1.0,
      0.0,
      0.0
    ],
    [
      0.0,
      0.0,
      1.0,
      0.0
    ],
    [
      -8.84000015258789,
      4.454833984375,
      -180.44972229003906,
      1.0
    ]
  ],
  "53": [
    [
      -0.00038367905654013157,
      0.0,
      0.9999999403953552,
      0.0
    ],
    [
      0.0,
      1.0,
      0.0,
      0.0
    ],
    [
      -0.9999999403953552,
      0.0,
      -0.00038367905654013157,
      0.0
    ],
    [
      -36.04999923706055,
      -0.0038186879828572273,
      -83.44171905517578,
      1.0
    ]
  ],
  "161": [
    [
      -0.8606718182563782,
      0.0,
      -0.5091603398323059,
      0.0
    ],
    [
      0.0,
      1.0,
      0.0,
      0.0
    ],
    [
      0.5091603398323059,
      0.0,
      -0.8606718182563782,
      0.0
    ],
    [
      54.779998779296875,
      -2.010951519012451,
      -44.77244567871094,
      1.0
    ]
  ],
  "114": [
    [
      1.0,
      0.0,
      0.0,
      0.0
    ],
    [
      0.0,
      1.0,
      0.0,
      0.0
    ],
    [
      0.0,
      0.0,
      1.0,
      0.0
    ],
    [
      103.39408874511719,
      -2.0742835998535156,
      -41.48045349121094,
      1.0
    ]
  ],
  "88": [
    [
      1.0,
      0.0,
      0.0,
      0.0
    ],
    [
      0.0,
      1.0,
      0.0,
      0.0
    ],
    [
      0.0,
      0.0,
      1.0,
      0.0
    ],
    [
      104.45655059814453,
      -1.3511962890625,
      -82.82684326171875,
      1.0
    ]
  ],
  "74": [
    [
      0.9999999403953552,
      -0.0,
      0.00038352806586772203,
      -0.0
    ],
    [
      0.0,
      1.0,
      0.0,
      0.0
    ],
    [
      0.00038352806586772203,
      0.0,
      -0.9999999403953552,
      0.0
    ],
    [
      -62.84379959106445,
      0.03873443603515625,
      -116.62479400634766,
      1.0
    ]
  ],
  "6": [
    [
      0.00038352806586772203,
      0.0,
      -0.9999999403953552,
      0.0
    ],
    [
      0.0,
      1.0,
      0.0,
      0.0
    ],
    [
      0.9999999403953552,
      0.0,
      0.00038352806586772203,
      0.0
    ],
    [
      94.0199966430664,
      -2.129749298095703,
      -55.6734504699707,
      1.0
    ]
  ],
  "155": [
    [
      -0.8777289986610413,
      0.0,
      0.47915714979171753,
      0.0
    ],
    [
      0.0,
      1.0,
      0.0,
      0.0
    ],
    [
      -0.47915714979171753,
      0.0,
      -0.8777289986610413,
      0.0
    ],
    [
      -37.810001373291016,
      -0.050537109375,
      -74.94332885742188,
      1.0
    ]
  ],
  "126": [
    [
      1.0,
      0.0,
      0.0,
      0.0
    ],
    [
      0.0,
      1.0,
      0.0,
      0.0
    ],
    [
      0.0,
      0.0,
      1.0,
      0.0
    ],
    [
      -65.4999008178711,
      0.9107030630111694,
      -149.3246612548828,
      1.0
    ]
  ],
  "31": [
    [
      0.8594980239868164,
      0.0,
      -0.5111392736434937,
      0.0
    ],
    [
      0.0,
      1.0,
      0.0,
      0.0
    ],
    [
      0.5111392736434937,
      0.0,
      0.8594980239868164,
      0.0
    ],
    [
      -47.31363296508789,
      1.0657167434692383,
      -225.884033203125,
      1.0
    ]
  ],
  "222": [
    [
      1.0,
      0.0,
      0.0,
      0.0
    ],
    [
      0.0,
      1.0,
      0.0,
      0.0
    ],
    [
      0.0,
      0.0,
      1.0,
      0.0
    ],
    [
      -61.610267639160156,
      0.0016787610948085785,
      -71.60248565673828,
      1.0
    ]
  ],
  "209": [
    [
      -0.9999999403953552,
      0.0,
      -0.00038352806586772203,
      0.0
    ],
    [
      0.0,
      1.0,
      0.0,
      0.0
    ],
    [
      0.00038352806586772203,
      0.0,
      -0.9999999403953552,
      0.0
    ],
    [
      -49.20000076293945,
      -0.029072480276226997,
      -58.56201934814453,
      1.0
    ]
  ],
  "169": [
    [
      0.4818477928638458,
      0.0,
      0.8762548565864563,
      0.0
    ],
    [
      0.0,
      1.0,
      0.0,
      0.0
    ],
    [
      -0.8762548565864563,
      0.0,
      0.4818477928638458,
      0.0
    ],
    [
      -78.4800033569336,
      0.04720553010702133,
      -183.63534545898438,
      1.0
    ]
  ],
  "87": [
    [
      1.0,
      0.0,
      0.0,
      0.0
    ],
    [
      0.0,
      1.0,
      0.0,
      0.0
    ],
    [
      0.0,
      0.0,
      1.0,
      0.0
    ],
    [
      -66.81048583984375,
      0.04992638900876045,
      -116.25919342041016,
      1.0
    ]
  ],
  "163": [
    [
      -0.4382716119289398,
      0.0,
      -0.8988426923751831,
      0.0
    ],
    [
      0.0,
      1.0,
      0.0,
      0.0
    ],
    [
      0.8988426923751831,
      0.0,
      -0.4382716119289398,
      0.0
    ],
    [
      -29.549999237060547,
      1.1222407817840576,
      -236.23220825195312,
      1.0
    ]
  ],
  "34": [
    [
      1.0,
      0.0,
      0.0,
      0.0
    ],
    [
      0.0,
      1.0,
      0.0,
      0.0
    ],
    [
      0.0,
      0.0,
      1.0,
      0.0
    ],
    [
      -29.88498306274414,
      1.1402312517166138,
      -234.400634765625,
      1.0
    ]
  ],
  "115": [
    [
      1.0,
      0.0,
      0.0,
      0.0
    ],
    [
      0.0,
      1.0,
      0.0,
      0.0
    ],
    [
      0.0,
      0.0,
      1.0,
      0.0
    ],
    [
      80.58483123779297,
      -2.0871620178222656,
      -31.13286781311035,
      1.0
    ]
  ],
  "33": [
    [
      1.0,
      0.0,
      0.0,
      0.0
    ],
    [
      0.0,
      1.0,
      0.0,
      0.0
    ],
    [
      0.0,
      0.0,
      1.0,
      0.0
    ],
    [
      -29.741165161132812,
      1.1417310237884521,
      -234.0859375,
      1.0
    ]
  ],
  "57": [
    [
      1.0,
      0.0,
      0.0,
      0.0
    ],
    [
      0.0,
      1.0,
      0.0,
      0.0
    ],
    [
      0.0,
      0.0,
      1.0,
      0.0
    ],
    [
      -5.573791027069092,
      -0.04567519202828407,
      -35.91617965698242,
      1.0
    ]
  ],
  "96": [
    [
      0.9659920334815979,
      0.0,
      -0.2585720717906952,
      0.0
    ],
    [
      0.0,
      1.0,
      0.0,
      0.0
    ],
    [
      0.2585720717906952,
      0.0,
      0.9659920334815979,
      0.0
    ],
    [
      34.143463134765625,
      2.6652069091796875,
      -207.7241668701172,
      1.0
    ]
  ],
  "173": [
    [
      1.0,
      0.0,
      0.0,
      0.0
    ],
    [
      0.0,
      1.0,
      0.0,
      0.0
    ],
    [
      0.0,
      0.0,
      1.0,
      0.0
    ],
    [
      86.15751647949219,
      -2.0,
      -36.92998504638672,
      1.0
    ]
  ],
  "36": [
    [
      1.0,
      0.0,
      0.0,
      0.0
    ],
    [
      0.0,
      1.0,
      0.0,
      0.0
    ],
    [
      0.0,
      0.0,
      1.0,
      0.0
    ],
    [
      -27.62838363647461,
      1.1443676948547363,
      -233.45721435546875,
      1.0
    ]
  ],
  "92": [
    [
      0.7073780298233032,
      0.0,
      -0.7068355679512024,
      0.0
    ],
    [
      0.0,
      1.0,
      0.0,
      0.0
    ],
    [
      0.7068355679512024,
      0.0,
      0.7073780298233032,
      0.0
    ],
    [
      105.9800033569336,
      0.7426865696907043,
      -159.4446258544922,
      1.0
    ]
  ],
  "188": [
    [
      1.0,
      0.0,
      0.0,
      0.0
    ],
    [
      0.0,
      1.0,
      0.0,
      0.0
    ],
    [
      0.0,
      0.0,
      1.0,
      0.0
    ],
    [
      -18.177183151245117,
      1.2813760042190552,
      -222.48757934570312,
      1.0
    ]
  ],
  "106": [
    [
      0.00038352806586772203,
      0.0,
      -0.9999999403953552,
      0.0
    ],
    [
      0.0,
      1.0,
      0.0,
      0.0
    ],
    [
      0.9999999403953552,
      0.0,
      0.00038352806586772203,
      0.0
    ],
    [
      -60.15336608886719,
      -0.05452728271484375,
      -114.13755798339844,
      1.0
    ]
  ],
  "186": [
    [
      1.0,
      0.0,
      0.0,
      0.0
    ],
    [
      0.0,
      1.0,
      0.0,
      0.0
    ],
    [
      0.0,
      0.0,
      1.0,
      0.0
    ],
    [
      126.86457824707031,
      -0.0445098876953125,
      -100.60171508789062,
      1.0
    ]
  ],
  "109": [
    [
      1.0,
      0.0,
      0.0,
      0.0
    ],
    [
      0.0,
      1.0,
      0.0,
      0.0
    ],
    [
      0.0,
      0.0,
      1.0,
      0.0
    ],
    [
      -34.34000015258789,
      -0.05452728271484375,
      -79.84140014648438,
      1.0
    ]
  ],
  "32": [
    [
      1.0,
      0.0,
      0.0,
      0.0
    ],
    [
      0.0,
      1.0,
      0.0,
      0.0
    ],
    [
      0.0,
      0.0,
      1.0,
      0.0
    ],
    [
      -29.482559204101562,
      1.1417168378829956,
      -234.240966796875,
      1.0
    ]
  ],
  "52": [
    [
      -0.7693485617637634,
      0.0,
      0.6388294696807861,
      0.0
    ],
    [
      0.0,
      1.0,
      0.0,
      0.0
    ],
    [
      -0.6388294696807861,
      0.0,
      -0.7693485617637634,
      0.0
    ],
    [
      19.25550651550293,
      2.6018478870391846,
      -213.74557495117188,
      1.0
    ]
  ],
  "133": [
    [
      -0.00038367905654013157,
      0.0,
      0.9999999403953552,
      0.0
    ],
    [
      0.0,
      1.0,
      0.0,
      0.0
    ],
    [
      -0.9999999403953552,
      0.0,
      -0.00038367905654013157,
      0.0
    ],
    [
      6.28000020980835,
      0.147705078125,
      -49.179420471191406,
      1.0
    ]
  ],
  "35": [
    [
      1.0,
      0.0,
      0.0,
      0.0
    ],
    [
      0.0,
      1.0,
      0.0,
      0.0
    ],
    [
      0.0,
      0.0,
      1.0,
      0.0
    ],
    [
      -29.59537124633789,
      1.140235185623169,
      -234.56886291503906,
      1.0
    ]
  ],
  "137": [
    [
      1.0,
      0.0,
      0.0,
      0.0
    ],
    [
      0.0,
      1.0,
      0.0,
      0.0
    ],
    [
      0.0,
      0.0,
      1.0,
      0.0
    ],
    [
      -11.995874404907227,
      -0.04439544677734375,
      -54.246524810791016,
      1.0
    ]
  ],
  "162": [
    [
      -0.8606718182563782,
      0.0,
      -0.5091603398323059,
      0.0
    ],
    [
      0.0,
      1.0,
      0.0,
      0.0
    ],
    [
      0.5091603398323059,
      0.0,
      -0.8606718182563782,
      0.0
    ],
    [
      53.06999969482422,
      -1.998366355895996,
      -45.47418212890625,
      1.0
    ]
  ],
  "174": [
    [
      0.664997398853302,
      0.0,
      -0.7468456625938416,
      0.0
    ],
    [
      0.0,
      1.0,
      0.0,
      0.0
    ],
    [
      0.7468456625938416,
      0.0,
      0.664997398853302,
      0.0
    ],
    [
      56.03401184082031,
      -2.0,
      -45.77602767944336,
      1.0
    ]
  ],
  "217": [
    [
      1.0,
      0.0,
      0.0,
      0.0
    ],
    [
      0.0,
      1.0,
      0.0,
      0.0
    ],
    [
      0.0,
      0.0,
      1.0,
      0.0
    ],
    [
      17.632097244262695,
      2.580488920211792,
      -213.49192810058594,
      1.0
    ]
  ],
  "129": [
    [
      1.0,
      0.0,
      0.0,
      0.0
    ],
    [
      0.0,
      1.0,
      0.0,
      0.0
    ],
    [
      0.0,
      0.0,
      1.0,
      0.0
    ],
    [
      -43.17778778076172,
      0.0001220703125,
      -82.4308090209961,
      1.0
    ]
  ],
  "112": [
    [
      0.00038352806586772203,
      0.0,
      -0.9999999403953552,
      0.0
    ],
    [
      0.0,
      1.0,
      0.0,
      0.0
    ],
    [
      0.9999999403953552,
      0.0,
      0.00038352806586772203,
      0.0
    ],
    [
      -43.970001220703125,
      -0.05452728271484375,
      -57.16670608520508,
      1.0
    ]
  ],
  "91": [
    [
      0.00038352806586772203,
      0.0,
      -0.9999999403953552,
      0.0
    ],
    [
      0.0,
      1.0,
      0.0,
      0.0
    ],
    [
      0.9999999403953552,
      0.0,
      0.00038352806586772203,
      0.0
    ],
    [
      108.80999755859375,
      0.13177490234375,
      -144.56996154785156,
      1.0
    ]
  ],
  "73": [
    [
      1.0,
      0.0,
      0.0,
      0.0
    ],
    [
      0.0,
      1.0,
      0.0,
      0.0
    ],
    [
      0.0,
      0.0,
      1.0,
      0.0
    ],
    [
      -60.563499450683594,
      0.136962890625,
      -87.10266876220703,
      1.0
    ]
  ],
  "164": [
    [
      -0.666714072227478,
      0.0,
      -0.7453135848045349,
      0.0
    ],
    [
      0.0,
      1.0,
      0.0,
      0.0
    ],
    [
      0.7453135848045349,
      0.0,
      -0.666714072227478,
      0.0
    ],
    [
      -78.66999816894531,
      0.1658693552017212,
      -190.27687072753906,
      1.0
    ]
  ],
  "204": [
    [
      -0.00038367905654013157,
      0.0,
      0.9999999403953552,
      0.0
    ],
    [
      0.0,
      1.0,
      0.0,
      0.0
    ],
    [
      -0.9999999403953552,
      0.0,
      -0.00038367905654013157,
      0.0
    ],
    [
      -65.8499984741211,
      -0.02249738574028015,
      -117.82195281982422,
      1.0
    ]
  ],
  "99": [
    [
      0.5002213716506958,
      0.0,
      -0.8658975958824158,
      0.0
    ],
    [
      0.0,
      1.0,
      0.0,
      0.0
    ],
    [
      0.8658975958824158,
      0.0,
      0.5002213716506958,
      0.0
    ],
    [
      -15.010000228881836,
      2.0391082763671875,
      -231.28627014160156,
      1.0
    ]
  ],
  "105": [
    [
      0.00038352806586772203,
      0.0,
      -0.9999999403953552,
      0.0
    ],
    [
      0.0,
      1.0,
      0.0,
      0.0
    ],
    [
      0.9999999403953552,
      0.0,
      0.00038352806586772203,
      0.0
    ],
    [
      -74.24369049072266,
      1.27301025390625,
      -149.3024139404297,
      1.0
    ]
  ],
  "43": [
    [
      1.0,
      0.0,
      0.0,
      0.0
    ],
    [
      0.0,
      1.0,
      0.0,
      0.0
    ],
    [
      0.0,
      0.0,
      1.0,
      0.0
    ],
    [
      73.25545501708984,
      -2.0,
      -51.099857330322266,
      1.0
    ]
  ],
  "214": [
    [
      1.0,
      0.0,
      0.0,
      0.0
    ],
    [
      0.0,
      1.0,
      0.0,
      0.0
    ],
    [
      0.0,
      0.0,
      1.0,
      0.0
    ],
    [
      140.52999877929688,
      0.8226060271263123,
      -87.203369140625,
      1.0
    ]
  ],
  "127": [
    [
      -0.9999999403953552,
      0.0,
      -0.00038352806586772203,
      0.0
    ],
    [
      0.0,
      1.0,
      0.0,
      0.0
    ],
    [
      0.00038352806586772203,
      0.0,
      -0.9999999403953552,
      0.0
    ],
    [
      -45.08000183105469,
      -0.0496826171875,
      -77.10453796386719,
      1.0
    ]
  ],
  "89": [
    [
      0.00038352806586772203,
      0.0,
      -0.9999999403953552,
      0.0
    ],
    [
      0.0,
      1.0,
      0.0,
      0.0
    ],
    [
      0.9999999403953552,
      0.0,
      0.00038352806586772203,
      0.0
    ],
    [
      111.73999786376953,
      0.00820159912109375,
      -102.46763610839844,
      1.0
    ]
  ],
  "38": [
    [
      0.4999999701976776,
      -0.0,
      0.00019176403293386102,
      -0.0
    ],
    [
      0.0,
      1.0,
      0.0,
      0.0
    ],
    [
      0.00038352806586772203,
      0.0,
      -0.9999999403953552,
      0.0
    ],
    [
      -64.64130401611328,
      1.2618331909179688,
      -139.34681701660156,
      1.0
    ]
  ],
  "145": [
    [
      -0.9999999403953552,
      0.0,
      -0.00038352806586772203,
      0.0
    ],
    [
      0.0,
      1.0,
      0.0,
      0.0
    ],
    [
      0.00038352806586772203,
      0.0,
      -0.9999999403953552,
      0.0
    ],
    [
      -21.420000076293945,
      1.1035252809524536,
      -236.83885192871094,
      1.0
    ]
  ],
  "66": [
    [
      -0.666714072227478,
      0.0,
      -0.7453135848045349,
      0.0
    ],
    [
      0.0,
      1.0,
      0.0,
      0.0
    ],
    [
      0.7453135848045349,
      0.0,
      -0.666714072227478,
      0.0
    ],
    [
      -46.459999084472656,
      1.0695223808288574,
      -224.6857147216797,
      1.0
    ]
  ],
  "67": [
    [
      1.0,
      0.0,
      0.0,
      0.0
    ],
    [
      0.0,
      1.0,
      0.0,
      0.0
    ],
    [
      0.0,
      0.0,
      1.0,
      0.0
    ],
    [
      -0.8220577239990234,
      -0.05859375,
      -35.71955871582031,
      1.0
    ]
  ],
  "72": [
    [
      1.0,
      0.0,
      0.0,
      0.0
    ],
    [
      0.0,
      1.0,
      0.0,
      0.0
    ],
    [
      0.0,
      0.0,
      1.0,
      0.0
    ],
    [
      94.71428680419922,
      -2.0,
      -63.71418380737305,
      1.0
    ]
  ],
  "102": [
    [
      1.0,
      0.0,
      0.0,
      0.0
    ],
    [
      0.0,
      1.0,
      0.0,
      0.0
    ],
    [
      0.0,
      0.0,
      1.0,
      0.0
    ],
    [
      -64.59861755371094,
      0.6179046630859375,
      -219.98812866210938,
      1.0
    ]
  ],
  "108": [
    [
      -0.8579258322715759,
      0.0,
      0.5137738585472107,
      0.0
    ],
    [
      0.0,
      1.0,
      0.0,
      0.0
    ],
    [
      -0.5137738585472107,
      0.0,
      -0.8579258322715759,
      0.0
    ],
    [
      -43.74399948120117,
      -0.040302667766809464,
      -79.65252685546875,
      1.0
    ]
  ],
  "40": [
    [
      1.0,
      0.0,
      0.0,
      0.0
    ],
    [
      0.0,
      1.0,
      0.0,
      0.0
    ],
    [
      0.0,
      0.0,
      1.0,
      0.0
    ],
    [
      8.61303424835205,
      0.026615142822265625,
      -44.0429801940918,
      1.0
    ]
  ],
  "140": [
    [
      0.00038352806586772203,
      0.0,
      -0.9999999403953552,
      0.0
    ],
    [
      0.0,
      1.0,
      0.0,
      0.0
    ],
    [
      0.9999999403953552,
      0.0,
      0.00038352806586772203,
      0.0
    ],
    [
      -43.17452621459961,
      -0.02570006437599659,
      -84.03274536132812,
      1.0
    ]
  ],
  "81": [
    [
      1.0,
      0.0,
      0.0,
      0.0
    ],
    [
      0.0,
      1.0,
      0.0,
      0.0
    ],
    [
      0.0,
      0.0,
      1.0,
      0.0
    ],
    [
      -15.044487953186035,
      -0.05859375,
      -35.65401840209961,
      1.0
    ]
  ],
  "111": [
    [
      -0.4998893141746521,
      0.0,
      -0.8660894632339478,
      0.0
    ],
    [
      0.0,
      1.5,
      0.0,
      0.0
    ],
    [
      1.2124406099319458,
      0.0,
      -0.699796199798584,
      0.0
    ],
    [
      -18.59000015258789,
      -0.04439544677734375,
      -56.135555267333984,
      1.0
    ]
  ],
  "119": [
    [
      -0.00038352806586772203,
      -0.0,
      0.9999999403953552,
      -0.0
    ],
    [
      0.0,
      1.0,
      0.0,
      0.0
    ],
    [
      0.9999999403953552,
      0.0,
      0.00038352806586772203,
      0.0
    ],
    [
      5.424021244049072,
      2.0119476318359375,
      -210.184814453125,
      1.0
    ]
  ],
  "130": [
    [
      -0.8660894632339478,
      -0.0,
      0.4998893141746521,
      -0.0
    ],
    [
      0.0,
      0.5,
      0.0,
      0.0
    ],
    [
      0.4998893141746521,
      0.0,
      0.8660894632339478,
      0.0
    ],
    [
      12.128135681152344,
      2.5749053955078125,
      -213.0841522216797,
      1.0
    ]
  ],
  "71": [
    [
      1.0,
      0.0,
      0.0,
      0.0
    ],
    [
      0.0,
      1.0,
      0.0,
      0.0
    ],
    [
      0.0,
      0.0,
      1.0,
      0.0
    ],
    [
      -67.0706787109375,
      0.051512930542230606,
      -116.25919342041016,
      1.0
    ]
  ],
  "101": [
    [
      1.0,
      0.0,
      0.0,
      0.0
    ],
    [
      0.0,
      1.0,
      0.0,
      0.0
    ],
    [
      0.0,
      0.0,
      1.0,
      0.0
    ],
    [
      -47.57521438598633,
      1.019561767578125,
      -224.86961364746094,
      1.0
    ]
  ],
  "39": [
    [
      1.0,
      0.0,
      0.0,
      0.0
    ],
    [
      0.0,
      1.0,
      0.0,
      0.0
    ],
    [
      0.0,
      0.0,
      1.0,
      0.0
    ],
    [
      -66.63609313964844,
      0.7389736175537109,
      -170.61961364746094,
      1.0
    ]
  ],
  "95": [
    [
      0.9659920334815979,
      0.0,
      -0.2585720717906952,
      0.0
    ],
    [
      0.0,
      1.0,
      0.0,
      0.0
    ],
    [
      0.2585720717906952,
      0.0,
      0.9659920334815979,
      0.0
    ],
    [
      56.33699035644531,
      2.232666015625,
      -205.40042114257812,
      1.0
    ]
  ],
  "120": [
    [
      -0.0007670561317354441,
      -0.0,
      1.9999998807907104,
      -0.0
    ],
    [
      0.0,
      2.0,
      0.0,
      0.0
    ],
    [
      1.9999998807907104,
      0.0,
      0.0007670561317354441,
      0.0
    ],
    [
      -11.739999771118164,
      1.0889434814453125,
      -197.10000610351562,
      1.0
    ]
  ],
  "198": [
    [
      -0.00038367905654013157,
      0.0,
      0.9999999403953552,
      0.0
    ],
    [
      0.0,
      1.0,
      0.0,
      0.0
    ],
    [
      -0.9999999403953552,
      0.0,
      -0.00038367905654013157,
      0.0
    ],
    [
      55.6874885559082,
      -2.1377944946289062,
      -43.72354507446289,
      1.0
    ]
  ],
  "93": [
    [
      0.00038352806586772203,
      0.0,
      -0.9999999403953552,
      0.0
    ],
    [
      0.0,
      1.0,
      0.0,
      0.0
    ],
    [
      0.9999999403953552,
      0.0,
      0.00038352806586772203,
      0.0
    ],
    [
      92.01625061035156,
      0.873260498046875,
      -183.4466094970703,
      1.0
    ]
  ],
  "110": [
    [
      0.00038352806586772203,
      0.0,
      -0.9999999403953552,
      0.0
    ],
    [
      0.0,
      1.0,
      0.0,
      0.0
    ],
    [
      0.9999999403953552,
      0.0,
      0.00038352806586772203,
      0.0
    ],
    [
      -35.689998626708984,
      -0.05452728271484375,
      -41.695106506347656,
      1.0
    ]
  ],
  "17": [
    [
      -0.666714072227478,
      0.0,
      -0.7453135848045349,
      0.0
    ],
    [
      0.0,
      1.0,
      0.0,
      0.0
    ],
    [
      0.7453135848045349,
      0.0,
      -0.666714072227478,
      0.0
    ],
    [
      -89.54867553710938,
      1.032515048980713,
      -160.70265197753906,
      1.0
    ]
  ],
  "68": [
    [
      1.0,
      0.0,
      0.0,
      0.0
    ],
    [
      0.0,
      1.0,
      0.0,
      0.0
    ],
    [
      0.0,
      0.0,
      1.0,
      0.0
    ],
    [
      5.306039810180664,
      -0.055840227752923965,
      -36.27665710449219,
      1.0
    ]
  ],
  "152": [
    [
      1.0,
      0.0,
      0.0,
      0.0
    ],
    [
      0.0,
      1.0,
      0.0,
      0.0
    ],
    [
      0.0,
      0.0,
      1.0,
      0.0
    ],
    [
      -54.02542495727539,
      -0.05078125,
      -114.49928283691406,
      1.0
    ]
  ],
  "82": [
    [
      1.0,
      0.0,
      0.0,
      0.0
    ],
    [
      0.0,
      1.0,
      0.0,
      0.0
    ],
    [
      0.0,
      0.0,
      1.0,
      0.0
    ],
    [
      -24.854419708251953,
      1.1912676095962524,
      -227.03878784179688,
      1.0
    ]
  ],
  "24": [
    [
      1.5,
      0.0,
      0.0,
      0.0
    ],
    [
      0.0,
      1.099853515625,
      0.0,
      0.0
    ],
    [
      0.0,
      0.0,
      1.2998046875,
      0.0
    ],
    [
      113.00875091552734,
      0.085174560546875,
      -165.05502319335938,
      1.0
    ]
  ],
  "50": [
    [
      1.0,
      0.0,
      0.0,
      0.0
    ],
    [
      0.0,
      1.0,
      0.0,
      0.0
    ],
    [
      0.0,
      0.0,
      1.0,
      0.0
    ],
    [
      -66.77982330322266,
      0.1077016070485115,
      -116.72637939453125,
      1.0
    ]
  ],
  "213": [
    [
      1.0,
      0.0,
      0.0,
      0.0
    ],
    [
      0.0,
      1.0,
      0.0,
      0.0
    ],
    [
      0.0,
      0.0,
      1.0,
      0.0
    ],
    [
      -63.8657341003418,
      0.9697112441062927,
      -159.92218017578125,
      1.0
    ]
  ],
  "13": [
    [
      0.9397217631340027,
      0.0,
      -0.3419400751590729,
      0.0
    ],
    [
      0.0,
      1.0,
      0.0,
      0.0
    ],
    [
      0.3419400751590729,
      0.0,
      0.9397217631340027,
      0.0
    ],
    [
      102.03446197509766,
      -1.8032901287078857,
      -77.2750015258789,
      1.0
    ]
  ],
  "247": [
    [
      1.0,
      0.0,
      0.0,
      0.0
    ],
    [
      0.0,
      1.0,
      0.0,
      0.0
    ],
    [
      0.0,
      0.0,
      1.0,
      0.0
    ],
    [
      5.077178955078125,
      0.004554465413093567,
      -47.303855895996094,
      1.0
    ]
  ],
  "51": [
    [
      1.0,
      0.0,
      0.0,
      0.0
    ],
    [
      0.0,
      1.0,
      0.0,
      0.0
    ],
    [
      0.0,
      0.0,
      1.0,
      0.0
    ],
    [
      23.09596824645996,
      2.596212387084961,
      -214.90394592285156,
      1.0
    ]
  ],
  "121": [
    [
      -0.4998893141746521,
      0.0,
      -0.8660894632339478,
      0.0
    ],
    [
      0.0,
      1.0,
      0.0,
      0.0
    ],
    [
      0.8660894632339478,
      0.0,
      -0.4998893141746521,
      0.0
    ],
    [
      -24.989999771118164,
      -0.04439544677734375,
      -63.4819450378418,
      1.0
    ]
  ],
  "189": [
    [
      0.8725336194038391,
      0.0,
      -0.48855429887771606,
      0.0
    ],
    [
      0.0,
      1.0,
      0.0,
      0.0
    ],
    [
      0.48855429887771606,
      0.0,
      0.8725336194038391,
      0.0
    ],
    [
      -32.2599983215332,
      1.2200158834457397,
      -226.78021240234375,
      1.0
    ]
  ],
  "61": [
    [
      0.8725336194038391,
      0.0,
      -0.48855429887771606,
      0.0
    ],
    [
      0.0,
      1.0,
      0.0,
      0.0
    ],
    [
      0.48855429887771606,
      0.0,
      0.8725336194038391,
      0.0
    ],
    [
      -34.349998474121094,
      1.198638677597046,
      -230.0791473388672,
      1.0
    ]
  ],
  "144": [
    [
      0.00038352806586772203,
      0.0,
      -0.9999999403953552,
      0.0
    ],
    [
      0.0,
      1.0,
      0.0,
      0.0
    ],
    [
      0.9999999403953552,
      0.0,
      0.00038352806586772203,
      0.0
    ],
    [
      -43.1390495300293,
      -0.01280018500983715,
      -80.91106414794922,
      1.0
    ]
  ],
  "143": [
    [
      1.0,
      0.0,
      0.0,
      0.0
    ],
    [
      0.0,
      1.0,
      0.0,
      0.0
    ],
    [
      0.0,
      0.0,
      1.0,
      0.0
    ],
    [
      -8.470000267028809,
      1.6703946590423584,
      -216.34474182128906,
      1.0
    ]
  ],
  "104": [
    [
      1.0,
      0.0,
      0.0,
      0.0
    ],
    [
      0.0,
      1.0,
      0.0,
      0.0
    ],
    [
      0.0,
      0.0,
      1.0,
      0.0
    ],
    [
      -83.91837310791016,
      0.135162353515625,
      -188.90951538085938,
      1.0
    ]
  ],
  "124": [
    [
      0.6426570415496826,
      0.0,
      0.7661539316177368,
      0.0
    ],
    [
      0.0,
      1.0,
      0.0,
      0.0
    ],
    [
      -0.7661539316177368,
      0.0,
      0.6426570415496826,
      0.0
    ],
    [
      4.289999961853027,
      0.15762992203235626,
      -52.91515350341797,
      1.0
    ]
  ],
  "154": [
    [
      -0.8777289986610413,
      0.0,
      0.47915714979171753,
      0.0
    ],
    [
      0.0,
      1.0,
      0.0,
      0.0
    ],
    [
      -0.47915714979171753,
      0.0,
      -0.8777289986610413,
      0.0
    ],
    [
      -36.84000015258789,
      -0.050537109375,
      -75.48350524902344,
      1.0
    ]
  ],
  "182": [
    [
      1.0,
      0.0,
      0.0,
      0.0
    ],
    [
      0.0,
      1.0,
      0.0,
      0.0
    ],
    [
      0.0,
      0.0,
      1.0,
      0.0
    ],
    [
      -56.233489990234375,
      -0.05078125,
      -114.49927520751953,
      1.0
    ]
  ],
  "54": [
    [
      -0.7693485617637634,
      0.0,
      0.6388294696807861,
      0.0
    ],
    [
      0.0,
      1.0,
      0.0,
      0.0
    ],
    [
      -0.6388294696807861,
      0.0,
      -0.7693485617637634,
      0.0
    ],
    [
      21.59881019592285,
      2.609058380126953,
      -214.30210876464844,
      1.0
    ]
  ],
  "83": [
    [
      1.0,
      0.0,
      0.0,
      0.0
    ],
    [
      0.0,
      1.0,
      0.0,
      0.0
    ],
    [
      0.0,
      0.0,
      1.0,
      0.0
    ],
    [
      -24.564807891845703,
      1.189904808998108,
      -227.20701599121094,
      1.0
    ]
  ],
  "103": [
    [
      1.0,
      0.0,
      0.0,
      0.0
    ],
    [
      0.0,
      1.0,
      0.0,
      0.0
    ],
    [
      0.0,
      0.0,
      1.0,
      0.0
    ],
    [
      -80.10858917236328,
      0.2471771240234375,
      -192.53782653808594,
      1.0
    ]
  ],
  "62": [
    [
      1.0,
      0.0,
      0.0,
      0.0
    ],
    [
      0.0,
      1.0,
      0.0,
      0.0
    ],
    [
      0.0,
      0.0,
      1.0,
      0.0
    ],
    [
      -24.45199203491211,
      1.194469690322876,
      -226.87911987304688,
      1.0
    ]
  ],
  "158": [
    [
      -0.0005755185848101974,
      0.0,
      1.4999998807907104,
      0.0
    ],
    [
      0.0,
      1.5,
      0.0,
      0.0
    ],
    [
      -1.4999998807907104,
      0.0,
      -0.0005755185848101974,
      0.0
    ],
    [
      107.07516479492188,
      1.259429931640625,
      -162.75558471679688,
      1.0
    ]
  ],
  "41": [
    [
      -0.772767186164856,
      0.0,
      -0.6346897482872009,
      0.0
    ],
    [
      0.0,
      1.0,
      0.0,
      0.0
    ],
    [
      0.6346897482872009,
      0.0,
      -0.772767186164856,
      0.0
    ],
    [
      -87.91000366210938,
      1.001512885093689,
      -158.09400939941406,
      1.0
    ]
  ],
  "97": [
    [
      0.9659920334815979,
      0.0,
      -0.2585720717906952,
      0.0
    ],
    [
      0.0,
      1.0,
      0.0,
      0.0
    ],
    [
      0.2585720717906952,
      0.0,
      0.9659920334815979,
      0.0
    ],
    [
      12.059481620788574,
      2.6960906982421875,
      -202.79537963867188,
      1.0
    ]
  ],
  "211": [
    [
      1.0,
      0.0,
      0.0,
      0.0
    ],
    [
      0.0,
      1.0,
      0.0,
      0.0
    ],
    [
      0.0,
      0.0,
      1.0,
      0.0
    ],
    [
      -44.80656814575195,
      -0.0323222279548645,
      -50.781986236572266,
      1.0
    ]
  ],
  "55": [
    [
      1.0,
      0.0,
      0.0,
      0.0
    ],
    [
      0.0,
      1.0,
      0.0,
      0.0
    ],
    [
      0.0,
      0.0,
      1.0,
      0.0
    ],
    [
      -29.030000686645508,
      -0.021971508860588074,
      -69.24927520751953,
      1.0
    ]
  ],
  "216": [
    [
      1.0,
      0.0,
      0.0,
      0.0
    ],
    [
      0.0,
      1.0,
      0.0,
      0.0
    ],
    [
      0.0,
      0.0,
      1.0,
      0.0
    ],
    [
      20.364032745361328,
      2.6002626419067383,
      -214.167236328125,
      1.0
    ]
  ]
}