export const trackParams = {
    CENTRAL_AREA: {
        animTracks: {0x1: 'Flyby', 0xF: '[Unused] Prototype Opening?'},
        camStart: [
            -0.8899356126785278, 1.7014261999293012e-8, -0.4560864567756653, 0, 
            -0.061836741864681244, 0.9907662272453308, 0.12065835297107697, 0, 
            0.4518749415874481, 0.13558106124401093, -0.8817175626754761, 0, 
            497.9279479980469, 910.2298583984375, -663.139892578125, 1
        ],
    },
    WIZPIG_1: {
        animTracks: {0x0: 'Track Introduction'},
        camStart: [
            0.5702389478683472, 5.985814510722776e-8, -0.8214790225028992, 0, 
            -0.07056008279323578, 0.9963042140007019, -0.04898006096482277, 0, 
            0.818442702293396, 0.08589404821395874, 0.5681315064430237, 0, 
            -345.7397155761719, 560.2662963867188, 4778.10107421875, 1
        ],
    },
    DINO_DOMAIN: {
        animTracks: {0x5: 'Boss Door Cutscene'},
        camStart: [
            -0.3413839340209961, 8.287730679512606e-8, 0.9399239420890808, 0,
            0.08635113388299942, 0.9957708716392517, 0.031363073736429214, 0,
            -0.9359490871429443, 0.09187024086713791, -0.3399405777454376, 0,
            -1256.703125, 229.3243865966797, -482.64483642578125, 1
        ],
    },
    ANCIENT_LAKE: {
        animTracks: {0x0: 'Track Introduction', 0x1: 'Flyby', 0xA: 'Taj Cutscene'},
        camStart: [
            0.9998001456260681, 2.1523316462435105e-8, -0.01999880000948906, 0,
            -0.001598163740709424, 0.9968017339706421, -0.07989858090877533, 0,
            0.019934609532356262, 0.07991469651460648, 0.9966025948524475, 0,
            -1556.383544921875, 110.14002990722656, -5712.83154296875, 1
        ],
    },
    FOSSIL_CANYON: {
        animTracks: {0x0: 'Track Introduction', 0x1: 'Flyby', 0xA: 'Taj Cutscene'},
        camStart: [
            -0.3905264437198639, 1.0576201958656384e-7, 0.9205917716026306, 0,
            0.00920567661523819, 0.9999504089355469, 0.0039052325300872326, 0,
            -0.9205455780029297, 0.009999888017773628, -0.39050737023353577, 0,
            -5403.974609375, 166.7222442626953, 3115.959716796875, 1
        ],
    },
    JUNGLE_FALLS: {
        animTracks: {0x0: 'Track Introduction', 0x1: 'Flyby', 0xA: 'Taj Cutscene'},
        camStart: [
            0.28288087248802185, -5.4389037273949725e-8, 0.9591549634933472, 0,
            0.034522153437137604, 0.9993519186973572, -0.010181509889662266, 0,
            -0.9585340023040771, 0.03599229082465172, 0.2826976478099823, 0,
            -2476.354736328125, 147.30201721191406, -2023.7613525390625, 1
        ],
    },
    HOT_TOP_VOLCANO: {
        animTracks: {0x0: 'Track Introduction', 0x1: 'Flyby', 0xA: 'Taj Cutscene', 0x0B: '[Unused] Unknown', 0x0C: '[Unused] Unknown'},
        camStart: [
            -0.09904112666845322, -1.8840319526702842e-8, -0.9950832724571228, 0,
            -0.06364179402589798, 0.9979525804519653, 0.006334309466183186, 0,
            0.9930461645126343, 0.06395632028579712, -0.09883808344602585, 0,
            -713.8487548828125, 415.2316589355469, -2551.47021484375, 1
        ],
    },
    FIRE_MOUNTAIN: {
        animTracks: {0x1: 'Flyby', 0xA: 'Taj Cutscene'},
        camStart: [
            0.13915762305259705, -9.994880656449823e-8, -0.990271270275116, 0,
            -0.3673114478588104, 0.9286636114120483, -0.05161703750491142, 0,
            0.919628381729126, 0.3709200322628021, 0.12923067808151245, 0,
            2200.77001953125, 1416.981201171875, 466.1552734375, 1
        ],
    },
    TRICKYTOPS_1: {
        animTracks: {0x0: 'Track Introduction', 0x1: 'Flyby', 0x14: '[Unused] Unknown'},
        camStart: [
            -0.9625855088233948, 1.818419690380324e-7, 0.27097633481025696, 0,
            0.052240289747714996, 0.9812414050102234, 0.1855725646018982, 0,
            -0.2658931016921997, 0.19278529286384583, -0.9445284605026245, 0,
            -4185.2431640625, 219.2188262939453, 527.4306640625, 1
        ],
    },
    TRICKYTOPS_2: {
        animTracks: {0x0: 'Track Introduction', 0x1: 'Flyby', 0x14: '[Unused] Unknown'},
        camStart: [
            -0.9625855088233948, 1.818419690380324e-7, 0.27097633481025696, 0,
            0.052240289747714996, 0.9812414050102234, 0.1855725646018982, 0,
            -0.2658931016921997, 0.19278529286384583, -0.9445284605026245, 0,
            -4185.2431640625, 219.2188262939453, 527.4306640625, 1
        ],
    },
    SNOWFLAKE_MOUNTAIN: {
        animTracks: {0x5: 'Boss Door Cutscene'},
        camStart: [
            -0.0471862368285656, 1.4042930729374348e-7, -0.9988860487937927, 0,
            -0.20040567219257355, 0.9796673059463501, 0.009466844610869884, 0,
            0.978576123714447, 0.20062872767448425, -0.046226609498262405, 0,
            1594.8746337890625, 592.826904296875, 15.846237182617188, 1
        ],
    },
    EVERFROST_PEAK: {
        animTracks: {0x0: 'Track Introduction', 0x1: 'Flyby', 0xA: 'Taj Cutscene'},
        camStart: [
            -0.999946653842926, -9.205012219126729e-8, -0.010407456196844578, 0,
            -0.00016651135229039937, 0.9998720288276672, 0.01599842682480812, 0,
            0.010406052693724632, 0.015999427065253258, -0.9998179078102112, 0,
            -1721.8885498046875, 47.304473876953125, -8259.3017578125, 1
        ],
    },
    SNOWBALL_VALLEY: {
        animTracks: {0x0: 'Track Introduction', 0x1: 'Flyby', 0xA: 'Taj Cutscene'},
        camStart: [
            0.0027965030167251825, -3.356901245865629e-8, 0.9999957084655762, 0,
            0.07792071998119354, 0.9969599843025208, -0.00021789628954138607, 0,
            -0.9969560503959656, 0.07792109251022339, 0.0027878310065716505, 0,
            -2378.587646484375, 176.3459014892578, -1366.2646484375, 1
        ],
    },
    WALRUS_COVE: {
        animTracks: {0x0: 'Track Introduction', 0x1: 'Flyby', 0xA: 'Taj Cutscene'},
        camStart: [
            0.9792643189430237, 1.879886468714176e-8, -0.2025880515575409, 0,
            -0.028670966625213623, 0.9899349808692932, -0.13858850300312042, 0,
            0.20054897665977478, 0.14152324199676514, 0.9694069623947144, 0,
            3387.73681640625, 347.0025329589844, 1878.3426513671875, 1
        ],
    },
    FROSTY_VILLAGE: {
        animTracks: {0x0: 'Track Introduction', 0x1: 'Flyby', 0xA: 'Taj Cutscene'},
        camStart: [
            -0.0910772979259491, -4.761267291542026e-8, 0.9958438873291016, 0,
            0.07561133056879044, 0.9971134066581726, 0.006915265694260597, 0,
            -0.9929696917533875, 0.07592689245939255, -0.09081439673900604, 0,
            -463.7225341796875, 165.6737518310547, -4860.37646484375, 1
        ],
    },
    ICICLE_PYRAMID: {
        animTracks: {0x1: 'Flyby', 0xA: 'Taj Cutscene'},
        camStart: [
            -0.18611188232898712, 3.778235679874342e-7, -0.9825270175933838, 0,
            -0.04321777820587158, 0.9990322589874268, 0.008186563849449158, 0,
            0.9815771579742432, 0.043986592441797256, -0.18593226373195648, 0,
            604.142822265625, 276.9596862792969, -78.94317626953125, 1
        ],
    },
    BLUEY_1: {
        animTracks: {0x0: 'Track Introduction', 0x1: 'Flyby'},
        camStart: [
            -0.999721348285675, 4.5604362952644806e-8, 0.02359050139784813, 0,
            0.0034787121694535017, 0.9890678524971008, 0.14741924405097961, 0,
            -0.023332564160227776, 0.14746002852916718, -0.988792896270752, 0,
            337.8009033203125, 3264.6474609375, -8856.29296875, 1
        ],
    },
    BLUEY_2: {
        animTracks: {0x0: 'Track Introduction', 0x1: 'Flyby'},
        camStart: [
            -0.999721348285675, 4.5604362952644806e-8, 0.02359050139784813, 0,
            0.0034787121694535017, 0.9890678524971008, 0.14741924405097961, 0,
            -0.023332564160227776, 0.14746002852916718, -0.988792896270752, 0,
            337.8009033203125, 3264.6474609375, -8856.29296875, 1
        ],
    },
    SHERBET_ISLAND: {
        animTracks: {0x5: 'Boss Door Cutscene'},
        camStart: [
            -0.9999461770057678, -2.3006572646977475e-8, 0.010407050140202045, 0,
            0.0003121077024843544, 0.9995495080947876, 0.02999381348490715, 0,
            -0.010402395389974117, 0.029995311051607132, -0.9994959831237793, 0,
            -3.2599964141845703, 198.27174377441406, -1064.577880859375, 1
        ],
    },
    WHALE_BAY: {
        animTracks: {0x0: 'Track Introduction', 0x1: 'Flyby', 0xA: 'Taj Cutscene', 0x0B: '[Unused] Unknown', 0x0C: '[Unused] Unknown'},
        camStart: [
            0.9999020099639893, 2.232939522173183e-8, 0.013999487273395061, 0,
            0.0004759284493047744, 0.9994224309921265, -0.033990152180194855, 0,
            -0.013991580344736576, 0.0339934341609478, 0.9993248581886292, 0,
            763.920166015625, 62.6368408203125, -200.92398071289062, 1
        ],
    },
    PIRATE_LAGOON: {
        animTracks: {0x0: 'Track Introduction', 0x1: 'Flyby', 0xA: 'Taj Cutscene'},
        camStart: [
            0.030791494995355606, 9.89876358659103e-9, 0.999525785446167, 0,
            0.0679154023528099, 0.9976889491081238, -0.002092228503897786, 0,
            -0.9972161650657654, 0.06794764846563339, 0.030720384791493416, 0,
            -2074.65869140625, 111.62928009033203, 909.896728515625, 1
        ],
    },
    CRESCENT_ISLAND: {
        animTracks: {0x0: 'Track Introduction', 0x1: 'Flyby', 0xA: 'Taj Cutscene'},
        camStart: [
            0.03560325875878334, 5.523442041521776e-7, 0.9993662238121033, 0,
            0.03996415436267853, 0.9992003440856934, -0.0014238546136766672, 0,
            -0.9985676407814026, 0.03998923301696777, 0.03557521849870682, 0,
            -2957.121826171875, -1686.6488037109375, -5059.23291015625, 1
        ],
    },
    TRASURE_CAVES: {
        animTracks: {0x0: 'Track Introduction', 0x1: 'Flyby', 0xA: 'Taj Cutscene', 0x0B: '[Unused] Unknown', 0x0C: '[Unused] Unknown'},
        camStart: [
            0.9997578263282776, -3.3122443454658423e-8, -0.021998314186930656, 0,
            -0.0010555072221904993, 0.998848557472229, -0.04796994477510452, 0,
            0.0219727735966444, 0.047981567680835724, 0.9986066818237305, 0,
            1882.047119140625, 94.13602447509766, 1768.2252197265625, 1
        ],
    },
    DARKWATER_BEACH: {
        animTracks: {0x1: 'Flyby', 0xA: 'Taj Cutscene'},
        camStart: [
            -0.8340392708778381, 2.4068251036624133e-7, 0.5517053604125977, 0,
            0.0396883599460125, 0.9974092245101929, 0.05999903753399849, 0,
            -0.5502761602401733, 0.07193771749734879, -0.8318787813186646, 0,
            -889.3848876953125, 223.48680114746094, -2139.654541015625, 1
        ],
    },
    BUBBLER_1: {
        animTracks: {0x0: 'Track Introduction', 0x14: '[Unused] Unknown'},
        camStart: [
            0.6851395964622498, -8.756725122793796e-8, 0.7284108400344849, 0,
            0.06401755660772324, 0.9961304664611816, -0.06021471694111824, 0,
            -0.7255919575691223, 0.08788646012544632, 0.682488739490509, 0,
            761.4015502929688, 60.094276428222656, 882.109619140625, 1
        ],
    },
    BUBBLER_2: {
        animTracks: {0x0: 'Track Introduction'},
        camStart: [
            0.6851395964622498, -8.756725122793796e-8, 0.7284108400344849, 0,
            0.06401755660772324, 0.9961304664611816, -0.06021471694111824, 0,
            -0.7255919575691223, 0.08788646012544632, 0.682488739490509, 0,
            761.4015502929688, 60.094276428222656, 882.109619140625, 1
        ],
    },
    DRAGON_FOREST: {
        animTracks: {0x5: 'Boss Door Cutscene'},
        camStart:[
            -0.3608728349208832, -7.632225873521747e-8, 0.9326151609420776, 0,
            0.07638886570930481, 0.9966400265693665, 0.029558412730693817, 0,
            -0.9294806718826294, 0.08190816640853882, -0.3596605658531189, 0,
            -1585.410400390625, 249.79469299316406, -649.09228515625, 1
        ],
    },
    WINDMILL_PLAINS: {
        animTracks: {0x0: 'Track Introduction', 0x1: 'Flyby', 0xA: 'Taj Cutscene'},
        camStart: [
            0.9999821782112122, 3.970835393829475e-8, -0.005999888759106398, 0,
            -0.0001319588191108778, 0.9997581243515015, -0.02199787274003029, 0,
            0.0059984964318573475, 0.021998194977641106, 0.9997403621673584, 0,
            -4636.3466796875, 177.47097778320312, -3477.662841796875, 1
        ],
    },
    GREENWOOD_VILLAGE: {
        animTracks: {0x0: 'Track Introduction', 0x1: 'Flyby', 0xA: 'Taj Cutscene'},
        camStart: [
            0.01879505254328251, -9.248404353456863e-8, 0.9998230338096619, 0,
            0.05995337292551994, 0.9982006549835205, -0.0011270497925579548, 0,
            -0.9980247020721436, 0.05996391922235489, 0.018761539831757545, 0,
            -959.712890625, 451.4581298828125, 3542.322021484375, 1
        ],
    },
    BOULDER_CANYON: {
        animTracks: {0x0: 'Track Introduction', 0x1: 'Flyby', 0xA: 'Taj Cutscene', 0x0B: '[Unused] Unknown', 0x0C: '[Unused] Unknown'},
        camStart: [
            -0.999964714050293, -1.198870620555681e-7, -0.00840695295482874, 0,
            -0.0006886416813358665, 0.9966400265693665, 0.08190527558326721, 0,
            0.00837915763258934, 0.08190812915563583, -0.9966044425964355, 0,
            4431.1416015625, 201.76150512695312, -2054.999755859375, 1
        ],
    },
    HAUNTED_WOODS: {
        animTracks: {0x0: 'Track Introduction', 0x1: 'Flyby', 0xA: 'Taj Cutscene'},
        camStart: [
            -0.02838522009551525, -4.12945517780372e-8, 0.9995975494384766, 0,
            0.04796228185296059, 0.9988483190536499, 0.0013619960518553853, 0,
            -0.998445987701416, 0.04798160493373871, -0.028352562338113785, 0,
            2454.479736328125, 131.69924926757812, -970.3155517578125, 1
        ],
    },
    SMOKEY_CASTLE: {
        animTracks: {0x1: 'Flyby', 0xA: 'Taj Cutscene'},
        camStart: [
            0.49512842297554016, 2.438166006868414e-7, -0.8688206672668457, 0,
            -0.1418486088514328, 0.9865822196006775, -0.08083722740411758, 0,
            0.8571624755859375, 0.16326545178890228, 0.4884845018386841, 0,
            2808.384521484375, 632.007568359375, 3450.583251953125, 1
        ],
    },
    SMOKEY_1: {
        animTracks: {0x0: 'Track Introduction'},
        camStart: [
            0.28288066387176514, 7.153423187133967e-9, 0.9591549634933472, 0,
            0.10720091313123703, 0.9937343597412109, -0.031616464257240295, 0,
            -0.9531458020210266, 0.11176583915948868, 0.2811082899570465, 0,
            -2988.024658203125, 123.66386413574219, 3315.334228515625, 1
        ],
    },
    SMOKEY_2: {
        animTracks: {0x0: 'Track Introduction'},
        camStart: [
            0.28288066387176514, 7.153423187133967e-9, 0.9591549634933472, 0,
            0.10720091313123703, 0.9937343597412109, -0.031616464257240295, 0,
            -0.9531458020210266, 0.11176583915948868, 0.2811082899570465, 0,
            -2988.024658203125, 123.66386413574219, 3315.334228515625, 1
        ],
    },
    FUTURE_FUN_LAND: {
        animTracks: {0x5: 'Boss Door Cutscene'},
        camStart: [
            0.9834831953048706, 3.354324462634395e-8, 0.18099625408649445, 0,
            0.010130481794476509, 0.9984323978424072, -0.05504631996154785, 0,
            -0.18071305751800537, 0.055970486253499985, 0.9819426536560059, 0,
            1383.3782958984375, -64.23844909667969, 2971.2490234375, 1
        ],
    },
    SPADEDUST_ALLEY: {
        animTracks: {0x0: 'Track Introduction', 0x1: 'Flyby', 0xA: 'Taj Cutscene'},
        camStart: [
            -0.03119846247136593, 1.825188555848456e-9, -0.9995131492614746, 0,
            0.06193011999130249, 0.998078465461731, -0.0019330874783918262, 0,
            0.9975927472114563, -0.06196027621626854, -0.031138619408011436, 0,
            -747.8020629882812, 44.44640350341797, 769.0851440429688, 1
        ],
    },
    DARKMOON_CAVERNS: {
        animTracks: {0x0: 'Track Introduction', 0x1: 'Flyby', 0xA: 'Taj Cutscene'},
        camStart: [
            -0.23109561204910278, 5.520968926475689e-8, -0.9729310274124146, 0,
            0.015566185116767883, 0.9998717904090881, -0.003697372740134597, 0,
            0.9728065133094788, -0.015999337658286095, -0.23106597363948822, 0,
            -971.3118286132812, 77.93673706054688, -6376.60205078125, 1
        ],
    },
    SPACEPORT_ALPHA: {
        animTracks: {0x0: 'Track Introduction', 0x1: 'Flyby', 0xA: 'Taj Cutscene'},
        camStart: [
            0.34927403926849365, -3.900914435917002e-8, 0.9370207786560059, 0,
            -9.150761814957775e-10, 0.9999998211860657, 2.15150972593392e-8, 0,
            -0.9370207190513611, -3.7371396643948174e-8, 0.34927403926849365, 0,
            -2348.106689453125, 147.26394653320312, 952.9686889648438, 1
        ],
    },
    STAR_CITY: {
        animTracks: {0x0: 'Track Introduction', 0x1: 'Flyby', 0xA: 'Taj Cutscene'},
        camStart: [
            -0.9925174117088318, -6.994351764433304e-8, 0.12210192531347275, 0,
            0.006834116298705339, 0.9984322786331177, 0.05555187910795212, 0,
            -0.12191072851419449, 0.05597083643078804, -0.9909613132476807, 0,
            6841.13037109375, 684.6437377929688, 3611.020751953125, 1
        ],
    },
    WIZPIG_2: {
        animTracks: {0x0: 'Track Introduction'},
        camStart: [
            -0.5780929923057556, 9.306202031211797e-8, 0.8159714937210083, 0,
            -0.022844137623906136, 0.9996079802513123, -0.01618446409702301, 0,
            -0.8156517744064331, -0.027996305376291275, -0.5778658986091614, 0,
            -5136.35888671875, 18.76963996887207, 2065.2939453125, 1
        ],
    },
    HORSESHOE_GULCH: {
        animTracks: null,
        camStart: [
            -0.784074604511261, -3.0415134233408025e-7, -0.6206662654876709, 0,
            -0.33701905608177185, 0.8397358059883118, 0.4257489740848541, 0,
            0.5211957693099976, 0.5429951548576355, -0.6584152579307556, 0,
            2283.73583984375, 1905.441650390625, -3106.41748046875, 1
        ],
    },
    UNUSED_TEMPLE_TRACK: {
        animTracks: null,
        camStart: [
            0.7570567727088928, 2.3667004356298094e-8, 0.6533491611480713, 0,
            0.3891282379627228, 0.8032883405685425, -0.45089542865753174, 0,
            -0.5248278379440308, 0.5955899953842163, 0.6081348061561584, 0,
            -3546.883056640625, 3310.017333984375, 5422.4423828125, 1
        ],
    },
    UNUSED_OCEAN_TRACK: {
        animTracks: null,
        camStart: [
            -0.9428900480270386, 3.192717201727646e-7, 0.33310291171073914, 0,
            0.135825976729393, 0.9130886197090149, 0.3844735324382782, 0,
            -0.304152250289917, 0.4077604413032532, -0.8609427213668823, 0,
            -1770.9039306640625, 2500.932861328125, -6817.1416015625, 1
        ],
    },
    UNUSED_VOLCANO_TRACK: {
        animTracks: null,
        camStart: [
            0.5784246921539307, 4.709421830284555e-7, -0.8157357573509216, 0,
            -0.5141963958740234, 0.776313841342926, -0.36460793018341064, 0,
            0.6332667469978333, 0.6303467750549316, 0.4490395188331604, 0,
            7003.7646484375, 3996.13525390625, 5194.04345703125, 1
        ],
    },
    UNUSED_SNOW_MOUNTAIN_TRACK: {
        animTracks: null,
        camStart: [
            -0.29857927560806274, -1.614384217418774e-7, 0.9543846845626831, 0,
            0.45084109902381897, 0.8813900947570801, 0.14104576408863068, 0,
            -0.8411846160888672, 0.4723895788192749, -0.2631646692752838, 0,
            -7533.57080078125, 5490.8486328125, -1366.01611328125, 1
        ],
    },
}
